  13
2cr4A @1.0   0  87  88  75  83  83  86  87  85  81  86  83  85
1xx0A @1.0  87   0   1  82   8  79  85  85  85  88  85  86  85
2i5fA @1.4  88   1   0  80   1  77  83  83  86  88  84  87  83
1k9aA @2.5  75  82  80   0  81  86  69  77  73  87  67  82  68
1x05A @1.0  83   8   1  81   0  78  86  86  85  89  87  87  85
7z3jA @2.0  83  79  77  86  78   0  87  79  76  90  87  83  88
2srcA @1.5  86  85  83  69  86  87   0  12  14  90   5  87   4
7yqeA @3.5  87  85  83  77  86  79  12   0   6  85  14  83  14
1shaA @1.5  85  85  86  73  85  76  14   6   0  80  12  76  14
5ehrB @1.7  81  88  88  87  89  90  90  85  80   0  90  44  90
2ptkA @2.3  86  85  84  67  87  87   5  14  12  90   0  87   5
5df6A @1.8  83  86  87  82  87  83  87  83  76  44  87   0  87
1fmkA @1.5  85  85  83  68  85  88   4  14  14  90   5  87   0
