;ligand;protein;interaction;0;ordered_residues
2;MET1.A;GLU2.A;VdWContact;True;GLU2.A-MET1.A-VdWContact
3;MET1.A;ILE33.A;Hydrophobic;True;ILE33.A-MET1.A-Hydrophobic
7;GLU2.A;LEU3.A;VdWContact;True;GLU2.A-LEU3.A-VdWContact
11;LEU3.A;LEU4.A;VdWContact;True;LEU3.A-LEU4.A-VdWContact
15;LEU4.A;CYS5.A;VdWContact;True;CYS5.A-LEU4.A-VdWContact
16;LEU4.A;VAL26.A;Hydrophobic;True;LEU4.A-VAL26.A-Hydrophobic
17;LEU4.A;VAL26.A;VdWContact;True;LEU4.A-VAL26.A-VdWContact
21;CYS5.A;HIS6.A;VdWContact;True;CYS5.A-HIS6.A-VdWContact
25;HIS6.A;GLU7.A;VdWContact;True;GLU7.A-HIS6.A-VdWContact
26;HIS6.A;VAL8.A;VdWContact;True;HIS6.A-VAL8.A-VdWContact
30;GLU7.A;VAL8.A;VdWContact;True;GLU7.A-VAL8.A-VdWContact
35;VAL8.A;ASP9.A;VdWContact;True;ASP9.A-VAL8.A-VdWContact
39;ASP9.A;PRO10.A;VdWContact;True;ASP9.A-PRO10.A-VdWContact
43;PRO10.A;VAL11.A;VdWContact;True;PRO10.A-VAL11.A-VdWContact
47;VAL11.A;ARG12.A;VdWContact;True;ARG12.A-VAL11.A-VdWContact
48;VAL11.A;ARG13.A;Hydrophobic;True;ARG13.A-VAL11.A-Hydrophobic
49;VAL11.A;ARG13.A;HBAcceptor;True;ARG13.A-VAL11.A-HBAcceptor
50;VAL11.A;ARG13.A;VdWContact;True;ARG13.A-VAL11.A-VdWContact
51;VAL11.A;VAL15.A;Hydrophobic;True;VAL11.A-VAL15.A-Hydrophobic
52;VAL11.A;VAL15.A;VdWContact;True;VAL11.A-VAL15.A-VdWContact
56;ARG12.A;ARG13.A;VdWContact;True;ARG12.A-ARG13.A-VdWContact
58;ARG13.A;VAL11.A;HBDonor;True;ARG13.A-VAL11.A-HBDonor
63;ARG13.A;ALA14.A;VdWContact;True;ALA14.A-ARG13.A-VdWContact
67;ALA14.A;VAL15.A;VdWContact;True;ALA14.A-VAL15.A-VdWContact
68;ALA14.A;ARG16.A;Hydrophobic;True;ALA14.A-ARG16.A-Hydrophobic
74;VAL15.A;ARG16.A;VdWContact;True;ARG16.A-VAL15.A-VdWContact
75;VAL15.A;ASP17.A;Hydrophobic;True;ASP17.A-VAL15.A-Hydrophobic
76;VAL15.A;ASP17.A;VdWContact;True;ASP17.A-VAL15.A-VdWContact
77;VAL15.A;ARG22.A;VdWContact;True;ARG22.A-VAL15.A-VdWContact
82;ARG16.A;ASP17.A;VdWContact;True;ARG16.A-ASP17.A-VdWContact
88;ASP17.A;ARG18.A;VdWContact;True;ARG18.A-ASP17.A-VdWContact
89;ASP17.A;LEU20.A;Hydrophobic;True;ASP17.A-LEU20.A-Hydrophobic
90;ASP17.A;LEU20.A;VdWContact;True;ASP17.A-LEU20.A-VdWContact
94;ARG18.A;ASN19.A;VdWContact;True;ARG18.A-ASN19.A-VdWContact
98;ASN19.A;LEU20.A;VdWContact;True;ASN19.A-LEU20.A-VdWContact
104;LEU20.A;LEU21.A;VdWContact;True;LEU20.A-LEU21.A-VdWContact
108;LEU21.A;ARG22.A;VdWContact;True;ARG22.A-LEU21.A-VdWContact
109;LEU21.A;ARG25.A;Hydrophobic;True;ARG25.A-LEU21.A-Hydrophobic
110;LEU21.A;ARG25.A;VdWContact;True;ARG25.A-LEU21.A-VdWContact
115;ARG22.A;ASP23.A;VdWContact;True;ARG22.A-ASP23.A-VdWContact
119;ASP23.A;ASP24.A;VdWContact;True;ASP23.A-ASP24.A-VdWContact
123;ASP24.A;ARG25.A;VdWContact;True;ARG25.A-ASP24.A-VdWContact
124;ASP24.A;VAL26.A;VdWContact;True;ASP24.A-VAL26.A-VdWContact
125;ASP24.A;LEU27.A;VdWContact;True;ASP24.A-LEU27.A-VdWContact
126;ASP24.A;GLN28.A;HBAcceptor;True;ASP24.A-GLN28.A-HBAcceptor
127;ASP24.A;GLN28.A;VdWContact;True;ASP24.A-GLN28.A-VdWContact
128;ASP24.A;LYS166.A;Anionic;True;ASP24.A-LYS166.A-Anionic
134;ARG25.A;VAL26.A;VdWContact;True;ARG25.A-VAL26.A-VdWContact
135;ARG25.A;GLN28.A;VdWContact;True;ARG25.A-GLN28.A-VdWContact
136;ARG25.A;ASN29.A;HBAcceptor;True;ARG25.A-ASN29.A-HBAcceptor
137;ARG25.A;ASN29.A;VdWContact;True;ARG25.A-ASN29.A-VdWContact
144;VAL26.A;LEU27.A;VdWContact;True;LEU27.A-VAL26.A-VdWContact
145;VAL26.A;GLN28.A;VdWContact;True;GLN28.A-VAL26.A-VdWContact
146;VAL26.A;ASN29.A;VdWContact;True;ASN29.A-VAL26.A-VdWContact
147;VAL26.A;LEU30.A;Hydrophobic;True;LEU30.A-VAL26.A-Hydrophobic
148;VAL26.A;LEU30.A;HBAcceptor;True;LEU30.A-VAL26.A-HBAcceptor
149;VAL26.A;LEU30.A;VdWContact;True;LEU30.A-VAL26.A-VdWContact
150;VAL26.A;HIS162.A;Hydrophobic;True;HIS162.A-VAL26.A-Hydrophobic
151;VAL26.A;HIS162.A;VdWContact;True;HIS162.A-VAL26.A-VdWContact
156;LEU27.A;GLN28.A;VdWContact;True;GLN28.A-LEU27.A-VdWContact
157;LEU27.A;ASN29.A;VdWContact;True;ASN29.A-LEU27.A-VdWContact
158;LEU27.A;LEU30.A;VdWContact;True;LEU27.A-LEU30.A-VdWContact
159;LEU27.A;LEU31.A;Hydrophobic;True;LEU27.A-LEU31.A-Hydrophobic
160;LEU27.A;LEU31.A;HBAcceptor;True;LEU27.A-LEU31.A-HBAcceptor
161;LEU27.A;LEU31.A;VdWContact;True;LEU27.A-LEU31.A-VdWContact
162;LEU27.A;PHE159.A;Hydrophobic;True;LEU27.A-PHE159.A-Hydrophobic
163;LEU27.A;HIS162.A;Hydrophobic;True;HIS162.A-LEU27.A-Hydrophobic
164;LEU27.A;HIS162.A;VdWContact;True;HIS162.A-LEU27.A-VdWContact
165;LEU27.A;ILE235.A;Hydrophobic;True;ILE235.A-LEU27.A-Hydrophobic
166;GLN28.A;ASP24.A;HBDonor;True;ASP24.A-GLN28.A-HBDonor
173;GLN28.A;ASN29.A;VdWContact;True;ASN29.A-GLN28.A-VdWContact
174;GLN28.A;THR32.A;HBAcceptor;True;GLN28.A-THR32.A-HBAcceptor
175;GLN28.A;THR32.A;VdWContact;True;GLN28.A-THR32.A-VdWContact
176;ASN29.A;ARG25.A;HBDonor;True;ARG25.A-ASN29.A-HBDonor
183;ASN29.A;LEU30.A;VdWContact;True;ASN29.A-LEU30.A-VdWContact
184;ASN29.A;LEU31.A;VdWContact;True;ASN29.A-LEU31.A-VdWContact
185;ASN29.A;THR32.A;VdWContact;True;ASN29.A-THR32.A-VdWContact
186;ASN29.A;ILE33.A;HBAcceptor;True;ASN29.A-ILE33.A-HBAcceptor
187;ASN29.A;ILE33.A;VdWContact;True;ASN29.A-ILE33.A-VdWContact
189;LEU30.A;VAL26.A;HBDonor;True;LEU30.A-VAL26.A-HBDonor
195;LEU30.A;LEU31.A;VdWContact;True;LEU30.A-LEU31.A-VdWContact
196;LEU30.A;THR32.A;VdWContact;True;LEU30.A-THR32.A-VdWContact
197;LEU30.A;ILE33.A;VdWContact;True;ILE33.A-LEU30.A-VdWContact
198;LEU30.A;GLU34.A;HBAcceptor;True;GLU34.A-LEU30.A-HBAcceptor
199;LEU30.A;GLU34.A;VdWContact;True;GLU34.A-LEU30.A-VdWContact
200;LEU30.A;VAL154.A;Hydrophobic;True;LEU30.A-VAL154.A-Hydrophobic
201;LEU30.A;ASP158.A;Hydrophobic;True;ASP158.A-LEU30.A-Hydrophobic
202;LEU30.A;PHE159.A;Hydrophobic;True;LEU30.A-PHE159.A-Hydrophobic
203;LEU30.A;PHE159.A;VdWContact;True;LEU30.A-PHE159.A-VdWContact
205;LEU31.A;LEU27.A;HBDonor;True;LEU27.A-LEU31.A-HBDonor
211;LEU31.A;THR32.A;VdWContact;True;LEU31.A-THR32.A-VdWContact
212;LEU31.A;GLU34.A;VdWContact;True;GLU34.A-LEU31.A-VdWContact
213;LEU31.A;GLU35.A;HBAcceptor;True;GLU35.A-LEU31.A-HBAcceptor
214;LEU31.A;GLU35.A;VdWContact;True;GLU35.A-LEU31.A-VdWContact
215;LEU31.A;PHE159.A;Hydrophobic;True;LEU31.A-PHE159.A-Hydrophobic
216;LEU31.A;PHE159.A;VdWContact;True;LEU31.A-PHE159.A-VdWContact
217;THR32.A;GLN28.A;HBDonor;True;GLN28.A-THR32.A-HBDonor
224;THR32.A;ILE33.A;VdWContact;True;ILE33.A-THR32.A-VdWContact
225;THR32.A;GLU35.A;VdWContact;True;GLU35.A-THR32.A-VdWContact
227;ILE33.A;ASN29.A;HBDonor;True;ASN29.A-ILE33.A-HBDonor
233;ILE33.A;GLU34.A;VdWContact;True;GLU34.A-ILE33.A-VdWContact
234;ILE33.A;GLU35.A;VdWContact;True;GLU35.A-ILE33.A-VdWContact
235;ILE33.A;ARG36.A;HBAcceptor;True;ARG36.A-ILE33.A-HBAcceptor
236;ILE33.A;ARG36.A;VdWContact;True;ARG36.A-ILE33.A-VdWContact
237;ILE33.A;ALA152.A;Hydrophobic;True;ALA152.A-ILE33.A-Hydrophobic
238;ILE33.A;VAL154.A;Hydrophobic;True;ILE33.A-VAL154.A-Hydrophobic
239;ILE33.A;VAL154.A;VdWContact;True;ILE33.A-VAL154.A-VdWContact
240;GLU34.A;LEU30.A;HBDonor;True;GLU34.A-LEU30.A-HBDonor
246;GLU34.A;GLU35.A;VdWContact;True;GLU34.A-GLU35.A-VdWContact
247;GLU34.A;ARG36.A;VdWContact;True;ARG36.A-GLU34.A-VdWContact
248;GLU34.A;TYR37.A;VdWContact;True;GLU34.A-TYR37.A-VdWContact
249;GLU34.A;VAL154.A;Hydrophobic;True;GLU34.A-VAL154.A-Hydrophobic
250;GLU34.A;VAL154.A;VdWContact;True;GLU34.A-VAL154.A-VdWContact
251;GLU34.A;PRO199.A;VdWContact;True;GLU34.A-PRO199.A-VdWContact
252;GLU34.A;SER200.A;HBAcceptor;True;GLU34.A-SER200.A-HBAcceptor
253;GLU34.A;SER200.A;VdWContact;True;GLU34.A-SER200.A-VdWContact
254;GLU35.A;LEU31.A;HBDonor;True;GLU35.A-LEU31.A-HBDonor
261;GLU35.A;ARG36.A;HBAcceptor;True;ARG36.A-GLU35.A-HBAcceptor
262;GLU35.A;ARG36.A;Anionic;True;ARG36.A-GLU35.A-Anionic
263;GLU35.A;ARG36.A;VdWContact;True;ARG36.A-GLU35.A-VdWContact
264;GLU35.A;TYR37.A;VdWContact;True;GLU35.A-TYR37.A-VdWContact
265;GLU35.A;LEU38.A;VdWContact;True;GLU35.A-LEU38.A-VdWContact
266;ARG36.A;ILE33.A;HBDonor;True;ARG36.A-ILE33.A-HBDonor
269;ARG36.A;GLU35.A;HBDonor;True;ARG36.A-GLU35.A-HBDonor
270;ARG36.A;GLU35.A;Cationic;True;ARG36.A-GLU35.A-Cationic
274;ARG36.A;TYR37.A;VdWContact;True;ARG36.A-TYR37.A-VdWContact
280;TYR37.A;LEU38.A;VdWContact;True;LEU38.A-TYR37.A-VdWContact
281;TYR37.A;PRO39.A;VdWContact;True;PRO39.A-TYR37.A-VdWContact
282;TYR37.A;ASN82.A;Hydrophobic;True;ASN82.A-TYR37.A-Hydrophobic
283;TYR37.A;ASN82.A;HBAcceptor;True;ASN82.A-TYR37.A-HBAcceptor
284;TYR37.A;ASN82.A;VdWContact;True;ASN82.A-TYR37.A-VdWContact
285;TYR37.A;TYR83.A;Hydrophobic;True;TYR37.A-TYR83.A-Hydrophobic
286;TYR37.A;TYR83.A;VdWContact;True;TYR37.A-TYR83.A-VdWContact
287;TYR37.A;ARG86.A;Hydrophobic;True;ARG86.A-TYR37.A-Hydrophobic
288;TYR37.A;ARG86.A;PiCation;True;ARG86.A-TYR37.A-PiCation
289;TYR37.A;ARG86.A;VdWContact;True;ARG86.A-TYR37.A-VdWContact
290;TYR37.A;ASN150.A;Hydrophobic;True;ASN150.A-TYR37.A-Hydrophobic
291;TYR37.A;ASN150.A;HBDonor;True;ASN150.A-TYR37.A-HBDonor
292;TYR37.A;ASN150.A;VdWContact;True;ASN150.A-TYR37.A-VdWContact
293;TYR37.A;LEU151.A;HBDonor;True;LEU151.A-TYR37.A-HBDonor
294;TYR37.A;LEU151.A;VdWContact;True;LEU151.A-TYR37.A-VdWContact
295;TYR37.A;ALA153.A;Hydrophobic;True;ALA153.A-TYR37.A-Hydrophobic
296;TYR37.A;ALA153.A;VdWContact;True;ALA153.A-TYR37.A-VdWContact
301;LEU38.A;PRO39.A;VdWContact;True;LEU38.A-PRO39.A-VdWContact
306;PRO39.A;GLN40.A;VdWContact;True;GLN40.A-PRO39.A-VdWContact
307;PRO39.A;ASP85.A;Hydrophobic;True;ASP85.A-PRO39.A-Hydrophobic
308;PRO39.A;ASP85.A;VdWContact;True;ASP85.A-PRO39.A-VdWContact
309;PRO39.A;ARG86.A;Hydrophobic;True;ARG86.A-PRO39.A-Hydrophobic
313;GLN40.A;CYS41.A;VdWContact;True;CYS41.A-GLN40.A-VdWContact
314;GLN40.A;SER42.A;VdWContact;True;GLN40.A-SER42.A-VdWContact
315;GLN40.A;TYR43.A;Hydrophobic;True;GLN40.A-TYR43.A-Hydrophobic
316;GLN40.A;TYR43.A;VdWContact;True;GLN40.A-TYR43.A-VdWContact
317;GLN40.A;ALA89.A;Hydrophobic;True;ALA89.A-GLN40.A-Hydrophobic
321;CYS41.A;SER42.A;VdWContact;True;CYS41.A-SER42.A-VdWContact
322;CYS41.A;TYR43.A;VdWContact;True;CYS41.A-TYR43.A-VdWContact
323;CYS41.A;PHE192.A;VdWContact;True;CYS41.A-PHE192.A-VdWContact
324;CYS41.A;MET196.A;VdWContact;True;CYS41.A-MET196.A-VdWContact
330;SER42.A;TYR43.A;VdWContact;True;SER42.A-TYR43.A-VdWContact
331;SER42.A;LYS45.A;VdWContact;True;LYS45.A-SER42.A-VdWContact
332;SER42.A;CYS46.A;HBAcceptor;True;CYS46.A-SER42.A-HBAcceptor
333;SER42.A;CYS46.A;VdWContact;True;CYS46.A-SER42.A-VdWContact
340;TYR43.A;PHE44.A;Hydrophobic;True;PHE44.A-TYR43.A-Hydrophobic
341;TYR43.A;PHE44.A;PiStacking;True;PHE44.A-TYR43.A-PiStacking
342;TYR43.A;PHE44.A;VdWContact;True;PHE44.A-TYR43.A-VdWContact
343;TYR43.A;LYS45.A;VdWContact;True;LYS45.A-TYR43.A-VdWContact
344;TYR43.A;VAL47.A;Hydrophobic;True;TYR43.A-VAL47.A-Hydrophobic
345;TYR43.A;VAL47.A;VdWContact;True;TYR43.A-VAL47.A-VdWContact
346;TYR43.A;GLN48.A;Hydrophobic;True;GLN48.A-TYR43.A-Hydrophobic
347;TYR43.A;GLN48.A;HBAcceptor;True;GLN48.A-TYR43.A-HBAcceptor
348;TYR43.A;GLN48.A;VdWContact;True;GLN48.A-TYR43.A-VdWContact
349;TYR43.A;ARG56.A;VdWContact;True;ARG56.A-TYR43.A-VdWContact
350;TYR43.A;ASP85.A;Hydrophobic;True;ASP85.A-TYR43.A-Hydrophobic
351;TYR43.A;ASP85.A;HBDonor;True;ASP85.A-TYR43.A-HBDonor
352;TYR43.A;ASP85.A;VdWContact;True;ASP85.A-TYR43.A-VdWContact
353;TYR43.A;LEU88.A;Hydrophobic;True;LEU88.A-TYR43.A-Hydrophobic
354;TYR43.A;LEU88.A;VdWContact;True;LEU88.A-TYR43.A-VdWContact
355;TYR43.A;ALA89.A;VdWContact;True;ALA89.A-TYR43.A-VdWContact
356;TYR43.A;ALA195.A;Hydrophobic;True;ALA195.A-TYR43.A-Hydrophobic
362;PHE44.A;LYS45.A;VdWContact;True;LYS45.A-PHE44.A-VdWContact
363;PHE44.A;GLN48.A;VdWContact;True;GLN48.A-PHE44.A-VdWContact
364;PHE44.A;ILE51.A;Hydrophobic;True;ILE51.A-PHE44.A-Hydrophobic
365;PHE44.A;ILE51.A;VdWContact;True;ILE51.A-PHE44.A-VdWContact
366;PHE44.A;PRO53.A;Hydrophobic;True;PHE44.A-PRO53.A-Hydrophobic
367;PHE44.A;PRO53.A;VdWContact;True;PHE44.A-PRO53.A-VdWContact
368;PHE44.A;ARG56.A;Hydrophobic;True;ARG56.A-PHE44.A-Hydrophobic
369;PHE44.A;ARG56.A;VdWContact;True;ARG56.A-PHE44.A-VdWContact
370;PHE44.A;PHE192.A;Hydrophobic;True;PHE192.A-PHE44.A-Hydrophobic
371;PHE44.A;PHE192.A;VdWContact;True;PHE192.A-PHE44.A-VdWContact
377;LYS45.A;CYS46.A;Hydrophobic;True;CYS46.A-LYS45.A-Hydrophobic
378;LYS45.A;CYS46.A;VdWContact;True;CYS46.A-LYS45.A-VdWContact
379;CYS46.A;SER42.A;HBDonor;True;CYS46.A-SER42.A-HBDonor
385;CYS46.A;VAL47.A;Hydrophobic;True;CYS46.A-VAL47.A-Hydrophobic
386;CYS46.A;VAL47.A;VdWContact;True;CYS46.A-VAL47.A-VdWContact
393;VAL47.A;GLN48.A;Hydrophobic;True;GLN48.A-VAL47.A-Hydrophobic
394;VAL47.A;GLN48.A;VdWContact;True;GLN48.A-VAL47.A-VdWContact
395;VAL47.A;LEU88.A;VdWContact;True;LEU88.A-VAL47.A-VdWContact
396;VAL47.A;ALA89.A;VdWContact;True;ALA89.A-VAL47.A-VdWContact
397;VAL47.A;PRO92.A;Hydrophobic;True;PRO92.A-VAL47.A-Hydrophobic
398;VAL47.A;PRO92.A;VdWContact;True;PRO92.A-VAL47.A-VdWContact
400;GLN48.A;TYR43.A;HBDonor;True;GLN48.A-TYR43.A-HBDonor
407;GLN48.A;LYS49.A;VdWContact;True;GLN48.A-LYS49.A-VdWContact
408;GLN48.A;ILE51.A;Hydrophobic;True;GLN48.A-ILE51.A-Hydrophobic
409;GLN48.A;ILE51.A;VdWContact;True;GLN48.A-ILE51.A-VdWContact
410;GLN48.A;LEU88.A;HBDonor;True;GLN48.A-LEU88.A-HBDonor
411;GLN48.A;LEU88.A;VdWContact;True;GLN48.A-LEU88.A-VdWContact
412;GLN48.A;VAL91.A;HBDonor;True;GLN48.A-VAL91.A-HBDonor
413;GLN48.A;VAL91.A;VdWContact;True;GLN48.A-VAL91.A-VdWContact
414;GLN48.A;THR93.A;HBAcceptor;True;GLN48.A-THR93.A-HBAcceptor
415;GLN48.A;THR93.A;VdWContact;True;GLN48.A-THR93.A-VdWContact
419;LYS49.A;ASP50.A;VdWContact;True;ASP50.A-LYS49.A-VdWContact
420;LYS49.A;PRO92.A;Hydrophobic;True;LYS49.A-PRO92.A-Hydrophobic
424;ASP50.A;ILE51.A;VdWContact;True;ASP50.A-ILE51.A-VdWContact
425;ASP50.A;GLN52.A;VdWContact;True;ASP50.A-GLN52.A-VdWContact
426;ASP50.A;MET55.A;VdWContact;True;ASP50.A-MET55.A-VdWContact
427;ASP50.A;THR93.A;VdWContact;True;ASP50.A-THR93.A-VdWContact
428;ASP50.A;PRO94.A;VdWContact;True;ASP50.A-PRO94.A-VdWContact
429;ASP50.A;LYS95.A;Hydrophobic;True;ASP50.A-LYS95.A-Hydrophobic
430;ASP50.A;LYS95.A;VdWContact;True;ASP50.A-LYS95.A-VdWContact
438;ILE51.A;GLN52.A;VdWContact;True;GLN52.A-ILE51.A-VdWContact
439;ILE51.A;MET55.A;Hydrophobic;True;ILE51.A-MET55.A-Hydrophobic
440;ILE51.A;MET55.A;VdWContact;True;ILE51.A-MET55.A-VdWContact
441;ILE51.A;ARG56.A;Hydrophobic;True;ARG56.A-ILE51.A-Hydrophobic
442;ILE51.A;LEU88.A;Hydrophobic;True;ILE51.A-LEU88.A-Hydrophobic
443;ILE51.A;LEU98.A;Hydrophobic;True;ILE51.A-LEU98.A-Hydrophobic
444;ILE51.A;LEU98.A;VdWContact;True;ILE51.A-LEU98.A-VdWContact
449;GLN52.A;PRO53.A;VdWContact;True;GLN52.A-PRO53.A-VdWContact
450;GLN52.A;TYR54.A;VdWContact;True;GLN52.A-TYR54.A-VdWContact
451;GLN52.A;MET55.A;Hydrophobic;True;GLN52.A-MET55.A-Hydrophobic
452;GLN52.A;MET55.A;VdWContact;True;GLN52.A-MET55.A-VdWContact
453;GLN52.A;ARG56.A;HBAcceptor;True;ARG56.A-GLN52.A-HBAcceptor
454;GLN52.A;ARG56.A;VdWContact;True;ARG56.A-GLN52.A-VdWContact
460;PRO53.A;TYR54.A;VdWContact;True;PRO53.A-TYR54.A-VdWContact
461;PRO53.A;MET55.A;VdWContact;True;MET55.A-PRO53.A-VdWContact
462;PRO53.A;ARG56.A;VdWContact;True;ARG56.A-PRO53.A-VdWContact
463;PRO53.A;ARG57.A;HBAcceptor;True;ARG57.A-PRO53.A-HBAcceptor
464;PRO53.A;ARG57.A;VdWContact;True;ARG57.A-PRO53.A-VdWContact
469;TYR54.A;MET55.A;VdWContact;True;MET55.A-TYR54.A-VdWContact
470;TYR54.A;ARG57.A;VdWContact;True;ARG57.A-TYR54.A-VdWContact
471;TYR54.A;MET58.A;HBAcceptor;True;MET58.A-TYR54.A-HBAcceptor
472;TYR54.A;MET58.A;VdWContact;True;MET58.A-TYR54.A-VdWContact
473;TYR54.A;GLN265.A;VdWContact;True;GLN265.A-TYR54.A-VdWContact
483;MET55.A;ARG56.A;VdWContact;True;ARG56.A-MET55.A-VdWContact
484;MET55.A;ARG57.A;VdWContact;True;ARG57.A-MET55.A-VdWContact
485;MET55.A;MET58.A;VdWContact;True;MET55.A-MET58.A-VdWContact
486;MET55.A;VAL59.A;HBAcceptor;True;MET55.A-VAL59.A-HBAcceptor
487;MET55.A;VAL59.A;VdWContact;True;MET55.A-VAL59.A-VdWContact
488;MET55.A;LYS95.A;Hydrophobic;True;LYS95.A-MET55.A-Hydrophobic
489;MET55.A;LYS95.A;VdWContact;True;LYS95.A-MET55.A-VdWContact
494;ARG56.A;GLN52.A;HBDonor;True;ARG56.A-GLN52.A-HBDonor
500;ARG56.A;ARG57.A;VdWContact;True;ARG56.A-ARG57.A-VdWContact
501;ARG56.A;MET58.A;VdWContact;True;ARG56.A-MET58.A-VdWContact
502;ARG56.A;ALA60.A;HBAcceptor;True;ALA60.A-ARG56.A-HBAcceptor
503;ARG56.A;ALA60.A;VdWContact;True;ALA60.A-ARG56.A-VdWContact
504;ARG56.A;MET81.A;Hydrophobic;True;ARG56.A-MET81.A-Hydrophobic
505;ARG56.A;MET81.A;VdWContact;True;ARG56.A-MET81.A-VdWContact
506;ARG56.A;LEU84.A;Hydrophobic;True;ARG56.A-LEU84.A-Hydrophobic
507;ARG56.A;ASP85.A;HBDonor;True;ARG56.A-ASP85.A-HBDonor
508;ARG56.A;ASP85.A;Cationic;True;ARG56.A-ASP85.A-Cationic
509;ARG56.A;ASP85.A;VdWContact;True;ARG56.A-ASP85.A-VdWContact
510;ARG56.A;ALA189.A;VdWContact;True;ALA189.A-ARG56.A-VdWContact
511;ARG56.A;THR190.A;VdWContact;True;ARG56.A-THR190.A-VdWContact
512;ARG56.A;ASP191.A;VdWContact;True;ARG56.A-ASP191.A-VdWContact
513;ARG56.A;PHE194.A;VdWContact;True;ARG56.A-PHE194.A-VdWContact
514;ARG57.A;PRO53.A;HBDonor;True;ARG57.A-PRO53.A-HBDonor
521;ARG57.A;MET58.A;VdWContact;True;ARG57.A-MET58.A-VdWContact
522;ARG57.A;THR61.A;HBAcceptor;True;ARG57.A-THR61.A-HBAcceptor
523;ARG57.A;THR61.A;VdWContact;True;ARG57.A-THR61.A-VdWContact
524;MET58.A;TYR54.A;HBDonor;True;MET58.A-TYR54.A-HBDonor
531;MET58.A;VAL59.A;Hydrophobic;True;MET58.A-VAL59.A-Hydrophobic
532;MET58.A;VAL59.A;VdWContact;True;MET58.A-VAL59.A-VdWContact
533;MET58.A;ALA60.A;VdWContact;True;ALA60.A-MET58.A-VdWContact
534;MET58.A;THR61.A;VdWContact;True;MET58.A-THR61.A-VdWContact
535;MET58.A;TRP62.A;HBAcceptor;True;MET58.A-TRP62.A-HBAcceptor
536;MET58.A;TRP62.A;VdWContact;True;MET58.A-TRP62.A-VdWContact
537;VAL59.A;MET55.A;HBDonor;True;MET55.A-VAL59.A-HBDonor
543;VAL59.A;ALA60.A;VdWContact;True;ALA60.A-VAL59.A-VdWContact
544;VAL59.A;TRP62.A;VdWContact;True;TRP62.A-VAL59.A-VdWContact
545;VAL59.A;MET63.A;Hydrophobic;True;MET63.A-VAL59.A-Hydrophobic
546;VAL59.A;MET63.A;HBAcceptor;True;MET63.A-VAL59.A-HBAcceptor
547;VAL59.A;MET63.A;VdWContact;True;MET63.A-VAL59.A-VdWContact
548;VAL59.A;LEU98.A;Hydrophobic;True;LEU98.A-VAL59.A-Hydrophobic
549;VAL59.A;LEU98.A;VdWContact;True;LEU98.A-VAL59.A-VdWContact
550;ALA60.A;ARG56.A;HBDonor;True;ALA60.A-ARG56.A-HBDonor
556;ALA60.A;THR61.A;VdWContact;True;ALA60.A-THR61.A-VdWContact
557;ALA60.A;TRP62.A;VdWContact;True;ALA60.A-TRP62.A-VdWContact
558;ALA60.A;MET63.A;VdWContact;True;ALA60.A-MET63.A-VdWContact
559;ALA60.A;LEU64.A;HBAcceptor;True;ALA60.A-LEU64.A-HBAcceptor
560;ALA60.A;LEU64.A;VdWContact;True;ALA60.A-LEU64.A-VdWContact
561;ALA60.A;PHE77.A;Hydrophobic;True;ALA60.A-PHE77.A-Hydrophobic
562;ALA60.A;PHE77.A;VdWContact;True;ALA60.A-PHE77.A-VdWContact
563;ALA60.A;MET81.A;Hydrophobic;True;ALA60.A-MET81.A-Hydrophobic
564;ALA60.A;THR190.A;Hydrophobic;True;ALA60.A-THR190.A-Hydrophobic
565;ALA60.A;THR190.A;VdWContact;True;ALA60.A-THR190.A-VdWContact
566;THR61.A;ARG57.A;HBDonor;True;ARG57.A-THR61.A-HBDonor
572;THR61.A;TRP62.A;VdWContact;True;THR61.A-TRP62.A-VdWContact
573;THR61.A;MET63.A;VdWContact;True;MET63.A-THR61.A-VdWContact
574;THR61.A;GLU65.A;HBAcceptor;True;GLU65.A-THR61.A-HBAcceptor
575;THR61.A;GLU65.A;VdWContact;True;GLU65.A-THR61.A-VdWContact
576;THR61.A;ASP267.A;HBDonor;True;ASP267.A-THR61.A-HBDonor
577;THR61.A;ASP267.A;VdWContact;True;ASP267.A-THR61.A-VdWContact
578;TRP62.A;MET58.A;HBDonor;True;MET58.A-TRP62.A-HBDonor
585;TRP62.A;MET63.A;Hydrophobic;True;MET63.A-TRP62.A-Hydrophobic
586;TRP62.A;MET63.A;VdWContact;True;MET63.A-TRP62.A-VdWContact
587;TRP62.A;LEU64.A;VdWContact;True;LEU64.A-TRP62.A-VdWContact
588;TRP62.A;GLU65.A;VdWContact;True;GLU65.A-TRP62.A-VdWContact
589;TRP62.A;VAL66.A;Hydrophobic;True;TRP62.A-VAL66.A-Hydrophobic
590;TRP62.A;VAL66.A;HBAcceptor;True;TRP62.A-VAL66.A-HBAcceptor
591;TRP62.A;VAL66.A;VdWContact;True;TRP62.A-VAL66.A-VdWContact
592;TRP62.A;ALA103.A;Hydrophobic;True;ALA103.A-TRP62.A-Hydrophobic
593;TRP62.A;MET106.A;Hydrophobic;True;MET106.A-TRP62.A-Hydrophobic
594;TRP62.A;MET106.A;VdWContact;True;MET106.A-TRP62.A-VdWContact
595;TRP62.A;TYR126.A;Hydrophobic;True;TRP62.A-TYR126.A-Hydrophobic
596;TRP62.A;TYR126.A;HBDonor;True;TRP62.A-TYR126.A-HBDonor
597;TRP62.A;TYR126.A;VdWContact;True;TRP62.A-TYR126.A-VdWContact
598;TRP62.A;THR127.A;Hydrophobic;True;THR127.A-TRP62.A-Hydrophobic
599;TRP62.A;THR127.A;VdWContact;True;THR127.A-TRP62.A-VdWContact
601;MET63.A;VAL59.A;HBDonor;True;MET63.A-VAL59.A-HBDonor
609;MET63.A;LEU64.A;VdWContact;True;LEU64.A-MET63.A-VdWContact
610;MET63.A;VAL66.A;VdWContact;True;MET63.A-VAL66.A-VdWContact
611;MET63.A;CYS67.A;HBAcceptor;True;CYS67.A-MET63.A-HBAcceptor
612;MET63.A;CYS67.A;VdWContact;True;CYS67.A-MET63.A-VdWContact
613;MET63.A;PHE77.A;Hydrophobic;True;MET63.A-PHE77.A-Hydrophobic
614;MET63.A;PHE77.A;VdWContact;True;MET63.A-PHE77.A-VdWContact
615;MET63.A;ALA80.A;Hydrophobic;True;ALA80.A-MET63.A-Hydrophobic
616;MET63.A;ALA80.A;VdWContact;True;ALA80.A-MET63.A-VdWContact
617;MET63.A;MET81.A;Hydrophobic;True;MET63.A-MET81.A-Hydrophobic
618;MET63.A;MET81.A;VdWContact;True;MET63.A-MET81.A-VdWContact
619;MET63.A;GLY102.A;VdWContact;True;GLY102.A-MET63.A-VdWContact
620;MET63.A;CYS105.A;Hydrophobic;True;CYS105.A-MET63.A-Hydrophobic
621;MET63.A;MET106.A;Hydrophobic;True;MET106.A-MET63.A-Hydrophobic
622;MET63.A;MET106.A;VdWContact;True;MET106.A-MET63.A-VdWContact
623;LEU64.A;ALA60.A;HBDonor;True;ALA60.A-LEU64.A-HBDonor
629;LEU64.A;GLU65.A;VdWContact;True;GLU65.A-LEU64.A-VdWContact
630;LEU64.A;VAL66.A;VdWContact;True;LEU64.A-VAL66.A-VdWContact
631;LEU64.A;GLU68.A;Hydrophobic;True;GLU68.A-LEU64.A-Hydrophobic
632;LEU64.A;GLU68.A;HBAcceptor;True;GLU68.A-LEU64.A-HBAcceptor
633;LEU64.A;GLU68.A;VdWContact;True;GLU68.A-LEU64.A-VdWContact
634;LEU64.A;PHE77.A;Hydrophobic;True;LEU64.A-PHE77.A-Hydrophobic
635;LEU64.A;PHE77.A;VdWContact;True;LEU64.A-PHE77.A-VdWContact
636;LEU64.A;ALA186.A;Hydrophobic;True;ALA186.A-LEU64.A-Hydrophobic
637;GLU65.A;THR61.A;HBDonor;True;GLU65.A-THR61.A-HBDonor
643;GLU65.A;VAL66.A;VdWContact;True;GLU65.A-VAL66.A-VdWContact
644;GLU65.A;GLU68.A;VdWContact;True;GLU65.A-GLU68.A-VdWContact
645;GLU65.A;GLU69.A;HBAcceptor;True;GLU65.A-GLU69.A-HBAcceptor
646;GLU65.A;GLU69.A;VdWContact;True;GLU65.A-GLU69.A-VdWContact
647;GLU65.A;ASP267.A;VdWContact;True;ASP267.A-GLU65.A-VdWContact
649;VAL66.A;TRP62.A;HBDonor;True;TRP62.A-VAL66.A-HBDonor
656;VAL66.A;CYS67.A;VdWContact;True;CYS67.A-VAL66.A-VdWContact
657;VAL66.A;GLU68.A;VdWContact;True;GLU68.A-VAL66.A-VdWContact
658;VAL66.A;GLN70.A;HBAcceptor;True;GLN70.A-VAL66.A-HBAcceptor
659;VAL66.A;GLN70.A;VdWContact;True;GLN70.A-VAL66.A-VdWContact
660;VAL66.A;MET106.A;Hydrophobic;True;MET106.A-VAL66.A-Hydrophobic
661;VAL66.A;MET106.A;VdWContact;True;MET106.A-VAL66.A-VdWContact
662;VAL66.A;TYR126.A;Hydrophobic;True;TYR126.A-VAL66.A-Hydrophobic
663;VAL66.A;TYR126.A;VdWContact;True;TYR126.A-VAL66.A-VdWContact
664;CYS67.A;MET63.A;HBDonor;True;CYS67.A-MET63.A-HBDonor
669;CYS67.A;GLU68.A;VdWContact;True;CYS67.A-GLU68.A-VdWContact
670;CYS67.A;LYS71.A;VdWContact;True;CYS67.A-LYS71.A-VdWContact
671;CYS67.A;CYS72.A;Hydrophobic;True;CYS67.A-CYS72.A-Hydrophobic
672;CYS67.A;CYS72.A;HBAcceptor;True;CYS67.A-CYS72.A-HBAcceptor
673;CYS67.A;CYS72.A;VdWContact;True;CYS67.A-CYS72.A-VdWContact
674;CYS67.A;VAL76.A;Hydrophobic;True;CYS67.A-VAL76.A-Hydrophobic
675;CYS67.A;VAL76.A;VdWContact;True;CYS67.A-VAL76.A-VdWContact
677;GLU68.A;LEU64.A;HBDonor;True;GLU68.A-LEU64.A-HBDonor
684;GLU68.A;GLU69.A;VdWContact;True;GLU68.A-GLU69.A-VdWContact
685;GLU68.A;LYS71.A;HBAcceptor;True;GLU68.A-LYS71.A-HBAcceptor
686;GLU68.A;LYS71.A;VdWContact;True;GLU68.A-LYS71.A-VdWContact
687;GLU69.A;GLU65.A;HBDonor;True;GLU65.A-GLU69.A-HBDonor
692;GLU69.A;GLN70.A;VdWContact;True;GLN70.A-GLU69.A-VdWContact
693;GLU69.A;LYS71.A;VdWContact;True;GLU69.A-LYS71.A-VdWContact
694;GLU69.A;TYR126.A;Hydrophobic;True;GLU69.A-TYR126.A-Hydrophobic
695;GLU69.A;TYR126.A;VdWContact;True;GLU69.A-TYR126.A-VdWContact
696;GLN70.A;VAL66.A;HBDonor;True;GLN70.A-VAL66.A-HBDonor
701;GLN70.A;LYS71.A;VdWContact;True;GLN70.A-LYS71.A-VdWContact
702;GLN70.A;CYS72.A;VdWContact;True;CYS72.A-GLN70.A-VdWContact
703;GLN70.A;LEU118.A;Hydrophobic;True;GLN70.A-LEU118.A-Hydrophobic
704;GLN70.A;LEU118.A;VdWContact;True;GLN70.A-LEU118.A-VdWContact
705;GLN70.A;TYR126.A;VdWContact;True;GLN70.A-TYR126.A-VdWContact
707;LYS71.A;GLU68.A;HBDonor;True;GLU68.A-LYS71.A-HBDonor
713;LYS71.A;CYS72.A;VdWContact;True;CYS72.A-LYS71.A-VdWContact
715;CYS72.A;CYS67.A;HBDonor;True;CYS67.A-CYS72.A-HBDonor
721;CYS72.A;GLU73.A;VdWContact;True;CYS72.A-GLU73.A-VdWContact
722;CYS72.A;VAL76.A;Hydrophobic;True;CYS72.A-VAL76.A-Hydrophobic
723;CYS72.A;VAL76.A;VdWContact;True;CYS72.A-VAL76.A-VdWContact
724;CYS72.A;GLU114.A;VdWContact;True;CYS72.A-GLU114.A-VdWContact
725;CYS72.A;LEU118.A;VdWContact;True;CYS72.A-LEU118.A-VdWContact
729;GLU73.A;GLU74.A;VdWContact;True;GLU73.A-GLU74.A-VdWContact
730;GLU73.A;GLU75.A;Hydrophobic;True;GLU73.A-GLU75.A-Hydrophobic
731;GLU73.A;GLU75.A;VdWContact;True;GLU73.A-GLU75.A-VdWContact
732;GLU73.A;VAL76.A;HBAcceptor;True;GLU73.A-VAL76.A-HBAcceptor
733;GLU73.A;VAL76.A;VdWContact;True;GLU73.A-VAL76.A-VdWContact
734;GLU73.A;LYS113.A;VdWContact;True;GLU73.A-LYS113.A-VdWContact
735;GLU73.A;GLU114.A;Hydrophobic;True;GLU114.A-GLU73.A-Hydrophobic
736;GLU73.A;GLU114.A;HBDonor;True;GLU114.A-GLU73.A-HBDonor
737;GLU73.A;GLU114.A;VdWContact;True;GLU114.A-GLU73.A-VdWContact
743;GLU74.A;GLU75.A;VdWContact;True;GLU74.A-GLU75.A-VdWContact
744;GLU74.A;VAL76.A;VdWContact;True;GLU74.A-VAL76.A-VdWContact
745;GLU74.A;PRO78.A;VdWContact;True;GLU74.A-PRO78.A-VdWContact
746;GLU74.A;HIS157.A;Hydrophobic;True;GLU74.A-HIS157.A-Hydrophobic
747;GLU74.A;HIS157.A;VdWContact;True;GLU74.A-HIS157.A-VdWContact
748;GLU74.A;GLN182.A;VdWContact;True;GLN182.A-GLU74.A-VdWContact
756;GLU75.A;VAL76.A;VdWContact;True;GLU75.A-VAL76.A-VdWContact
757;GLU75.A;PRO78.A;VdWContact;True;GLU75.A-PRO78.A-VdWContact
758;GLU75.A;LEU79.A;HBAcceptor;True;GLU75.A-LEU79.A-HBAcceptor
759;GLU75.A;LEU79.A;VdWContact;True;GLU75.A-LEU79.A-VdWContact
760;GLU75.A;LYS113.A;Hydrophobic;True;GLU75.A-LYS113.A-Hydrophobic
761;GLU75.A;LYS113.A;VdWContact;True;GLU75.A-LYS113.A-VdWContact
762;GLU75.A;THR155.A;Hydrophobic;True;GLU75.A-THR155.A-Hydrophobic
763;GLU75.A;HIS157.A;VdWContact;True;GLU75.A-HIS157.A-VdWContact
768;VAL76.A;GLU73.A;HBDonor;True;GLU73.A-VAL76.A-HBDonor
774;VAL76.A;PHE77.A;Hydrophobic;True;PHE77.A-VAL76.A-Hydrophobic
775;VAL76.A;PHE77.A;VdWContact;True;PHE77.A-VAL76.A-VdWContact
776;VAL76.A;ALA80.A;HBAcceptor;True;ALA80.A-VAL76.A-HBAcceptor
777;VAL76.A;ALA80.A;VdWContact;True;ALA80.A-VAL76.A-VdWContact
778;VAL76.A;ALA109.A;Hydrophobic;True;ALA109.A-VAL76.A-Hydrophobic
779;VAL76.A;ALA109.A;VdWContact;True;ALA109.A-VAL76.A-VdWContact
780;VAL76.A;LYS113.A;VdWContact;True;LYS113.A-VAL76.A-VdWContact
791;PHE77.A;PRO78.A;VdWContact;True;PHE77.A-PRO78.A-VdWContact
792;PHE77.A;LEU79.A;VdWContact;True;LEU79.A-PHE77.A-VdWContact
793;PHE77.A;MET81.A;Hydrophobic;True;MET81.A-PHE77.A-Hydrophobic
794;PHE77.A;MET81.A;HBAcceptor;True;MET81.A-PHE77.A-HBAcceptor
795;PHE77.A;MET81.A;VdWContact;True;MET81.A-PHE77.A-VdWContact
796;PHE77.A;ALA189.A;Hydrophobic;True;ALA189.A-PHE77.A-Hydrophobic
797;PHE77.A;ALA189.A;VdWContact;True;ALA189.A-PHE77.A-VdWContact
798;PHE77.A;THR190.A;Hydrophobic;True;PHE77.A-THR190.A-Hydrophobic
804;PRO78.A;LEU79.A;VdWContact;True;LEU79.A-PRO78.A-VdWContact
805;PRO78.A;ASN82.A;HBAcceptor;True;ASN82.A-PRO78.A-HBAcceptor
806;PRO78.A;ASN82.A;VdWContact;True;ASN82.A-PRO78.A-VdWContact
807;PRO78.A;PRO156.A;Hydrophobic;True;PRO156.A-PRO78.A-Hydrophobic
808;PRO78.A;PRO156.A;VdWContact;True;PRO156.A-PRO78.A-VdWContact
809;PRO78.A;HIS157.A;Hydrophobic;True;HIS157.A-PRO78.A-Hydrophobic
810;PRO78.A;HIS157.A;VdWContact;True;HIS157.A-PRO78.A-VdWContact
811;PRO78.A;PHE194.A;Hydrophobic;True;PHE194.A-PRO78.A-Hydrophobic
812;LEU79.A;GLU75.A;HBDonor;True;GLU75.A-LEU79.A-HBDonor
818;LEU79.A;ALA80.A;VdWContact;True;ALA80.A-LEU79.A-VdWContact
819;LEU79.A;MET81.A;VdWContact;True;LEU79.A-MET81.A-VdWContact
820;LEU79.A;ASN82.A;VdWContact;True;ASN82.A-LEU79.A-VdWContact
821;LEU79.A;TYR83.A;Hydrophobic;True;LEU79.A-TYR83.A-Hydrophobic
822;LEU79.A;TYR83.A;HBAcceptor;True;LEU79.A-TYR83.A-HBAcceptor
823;LEU79.A;TYR83.A;VdWContact;True;LEU79.A-TYR83.A-VdWContact
824;LEU79.A;ALA109.A;Hydrophobic;True;ALA109.A-LEU79.A-Hydrophobic
825;LEU79.A;ALA109.A;VdWContact;True;ALA109.A-LEU79.A-VdWContact
826;LEU79.A;LEU112.A;Hydrophobic;True;LEU112.A-LEU79.A-Hydrophobic
827;LEU79.A;LYS113.A;Hydrophobic;True;LEU79.A-LYS113.A-Hydrophobic
828;LEU79.A;LYS113.A;VdWContact;True;LEU79.A-LYS113.A-VdWContact
829;LEU79.A;ALA153.A;Hydrophobic;True;ALA153.A-LEU79.A-Hydrophobic
830;LEU79.A;THR155.A;Hydrophobic;True;LEU79.A-THR155.A-Hydrophobic
833;ALA80.A;VAL76.A;HBDonor;True;ALA80.A-VAL76.A-HBDonor
838;ALA80.A;MET81.A;VdWContact;True;ALA80.A-MET81.A-VdWContact
839;ALA80.A;TYR83.A;VdWContact;True;ALA80.A-TYR83.A-VdWContact
840;ALA80.A;LEU84.A;HBAcceptor;True;ALA80.A-LEU84.A-HBAcceptor
841;ALA80.A;LEU84.A;VdWContact;True;ALA80.A-LEU84.A-VdWContact
842;ALA80.A;CYS105.A;Hydrophobic;True;ALA80.A-CYS105.A-Hydrophobic
843;ALA80.A;CYS105.A;VdWContact;True;ALA80.A-CYS105.A-VdWContact
844;ALA80.A;MET106.A;Hydrophobic;True;ALA80.A-MET106.A-Hydrophobic
845;ALA80.A;ALA109.A;Hydrophobic;True;ALA109.A-ALA80.A-Hydrophobic
852;MET81.A;PHE77.A;HBDonor;True;MET81.A-PHE77.A-HBDonor
858;MET81.A;ASN82.A;VdWContact;True;ASN82.A-MET81.A-VdWContact
859;MET81.A;TYR83.A;VdWContact;True;MET81.A-TYR83.A-VdWContact
860;MET81.A;LEU84.A;Hydrophobic;True;LEU84.A-MET81.A-Hydrophobic
861;MET81.A;LEU84.A;VdWContact;True;LEU84.A-MET81.A-VdWContact
862;MET81.A;ASP85.A;HBAcceptor;True;ASP85.A-MET81.A-HBAcceptor
863;MET81.A;ASP85.A;VdWContact;True;ASP85.A-MET81.A-VdWContact
864;MET81.A;ALA189.A;Hydrophobic;True;ALA189.A-MET81.A-Hydrophobic
865;MET81.A;ALA189.A;VdWContact;True;ALA189.A-MET81.A-VdWContact
866;MET81.A;PHE194.A;Hydrophobic;True;MET81.A-PHE194.A-Hydrophobic
868;ASN82.A;TYR37.A;HBDonor;True;ASN82.A-TYR37.A-HBDonor
870;ASN82.A;PRO78.A;HBDonor;True;ASN82.A-PRO78.A-HBDonor
876;ASN82.A;TYR83.A;VdWContact;True;ASN82.A-TYR83.A-VdWContact
877;ASN82.A;LEU84.A;VdWContact;True;ASN82.A-LEU84.A-VdWContact
878;ASN82.A;ARG86.A;HBAcceptor;True;ARG86.A-ASN82.A-HBAcceptor
879;ASN82.A;ARG86.A;VdWContact;True;ARG86.A-ASN82.A-VdWContact
883;TYR83.A;LEU79.A;HBDonor;True;LEU79.A-TYR83.A-HBDonor
890;TYR83.A;LEU84.A;VdWContact;True;LEU84.A-TYR83.A-VdWContact
891;TYR83.A;ARG86.A;VdWContact;True;ARG86.A-TYR83.A-VdWContact
892;TYR83.A;PHE87.A;HBAcceptor;True;PHE87.A-TYR83.A-HBAcceptor
893;TYR83.A;PHE87.A;VdWContact;True;PHE87.A-TYR83.A-VdWContact
894;TYR83.A;CYS105.A;Hydrophobic;True;CYS105.A-TYR83.A-Hydrophobic
895;TYR83.A;LEU108.A;Hydrophobic;True;LEU108.A-TYR83.A-Hydrophobic
896;TYR83.A;LEU108.A;VdWContact;True;LEU108.A-TYR83.A-VdWContact
897;TYR83.A;ALA109.A;Hydrophobic;True;ALA109.A-TYR83.A-Hydrophobic
898;TYR83.A;ALA109.A;VdWContact;True;ALA109.A-TYR83.A-VdWContact
899;TYR83.A;LEU147.A;Hydrophobic;True;LEU147.A-TYR83.A-Hydrophobic
900;TYR83.A;LEU147.A;VdWContact;True;LEU147.A-TYR83.A-VdWContact
901;TYR83.A;LEU151.A;Hydrophobic;True;LEU151.A-TYR83.A-Hydrophobic
902;TYR83.A;LEU151.A;HBDonor;True;LEU151.A-TYR83.A-HBDonor
903;TYR83.A;LEU151.A;VdWContact;True;LEU151.A-TYR83.A-VdWContact
905;LEU84.A;ALA80.A;HBDonor;True;ALA80.A-LEU84.A-HBDonor
913;LEU84.A;ASP85.A;VdWContact;True;ASP85.A-LEU84.A-VdWContact
914;LEU84.A;ARG86.A;VdWContact;True;ARG86.A-LEU84.A-VdWContact
915;LEU84.A;LEU88.A;Hydrophobic;True;LEU84.A-LEU88.A-Hydrophobic
916;LEU84.A;LEU88.A;HBAcceptor;True;LEU84.A-LEU88.A-HBAcceptor
917;LEU84.A;LEU88.A;VdWContact;True;LEU84.A-LEU88.A-VdWContact
918;LEU84.A;LEU101.A;Hydrophobic;True;LEU101.A-LEU84.A-Hydrophobic
919;LEU84.A;LEU101.A;VdWContact;True;LEU101.A-LEU84.A-VdWContact
923;ASP85.A;TYR43.A;HBAcceptor;True;ASP85.A-TYR43.A-HBAcceptor
925;ASP85.A;ARG56.A;HBAcceptor;True;ARG56.A-ASP85.A-HBAcceptor
926;ASP85.A;ARG56.A;Anionic;True;ARG56.A-ASP85.A-Anionic
928;ASP85.A;MET81.A;HBDonor;True;ASP85.A-MET81.A-HBDonor
933;ASP85.A;ARG86.A;VdWContact;True;ARG86.A-ASP85.A-VdWContact
934;ASP85.A;ALA89.A;HBAcceptor;True;ALA89.A-ASP85.A-HBAcceptor
935;ASP85.A;ALA89.A;VdWContact;True;ALA89.A-ASP85.A-VdWContact
937;ARG86.A;TYR37.A;CationPi;True;ARG86.A-TYR37.A-CationPi
940;ARG86.A;ASN82.A;HBDonor;True;ARG86.A-ASN82.A-HBDonor
947;ARG86.A;PHE87.A;VdWContact;True;ARG86.A-PHE87.A-VdWContact
948;ARG86.A;ALA89.A;VdWContact;True;ALA89.A-ARG86.A-VdWContact
949;ARG86.A;GLY90.A;HBAcceptor;True;ARG86.A-GLY90.A-HBAcceptor
950;ARG86.A;GLY90.A;VdWContact;True;ARG86.A-GLY90.A-VdWContact
951;ARG86.A;LEU147.A;Hydrophobic;True;ARG86.A-LEU147.A-Hydrophobic
952;ARG86.A;LEU147.A;VdWContact;True;ARG86.A-LEU147.A-VdWContact
953;ARG86.A;ASN150.A;VdWContact;True;ARG86.A-ASN150.A-VdWContact
954;PHE87.A;TYR83.A;HBDonor;True;PHE87.A-TYR83.A-HBDonor
959;PHE87.A;LEU88.A;Hydrophobic;True;LEU88.A-PHE87.A-Hydrophobic
960;PHE87.A;LEU88.A;VdWContact;True;LEU88.A-PHE87.A-VdWContact
961;PHE87.A;ALA89.A;VdWContact;True;ALA89.A-PHE87.A-VdWContact
962;PHE87.A;GLY90.A;VdWContact;True;GLY90.A-PHE87.A-VdWContact
963;PHE87.A;VAL91.A;Hydrophobic;True;PHE87.A-VAL91.A-Hydrophobic
964;PHE87.A;VAL91.A;HBAcceptor;True;PHE87.A-VAL91.A-HBAcceptor
965;PHE87.A;VAL91.A;VdWContact;True;PHE87.A-VAL91.A-VdWContact
966;PHE87.A;LEU101.A;Hydrophobic;True;LEU101.A-PHE87.A-Hydrophobic
967;PHE87.A;VAL142.A;Hydrophobic;True;PHE87.A-VAL142.A-Hydrophobic
968;PHE87.A;VAL142.A;VdWContact;True;PHE87.A-VAL142.A-VdWContact
969;PHE87.A;VAL143.A;Hydrophobic;True;PHE87.A-VAL143.A-Hydrophobic
970;PHE87.A;LYS146.A;Hydrophobic;True;LYS146.A-PHE87.A-Hydrophobic
971;PHE87.A;LYS146.A;VdWContact;True;LYS146.A-PHE87.A-VdWContact
975;LEU88.A;GLN48.A;HBAcceptor;True;GLN48.A-LEU88.A-HBAcceptor
979;LEU88.A;LEU84.A;HBDonor;True;LEU84.A-LEU88.A-HBDonor
985;LEU88.A;ALA89.A;VdWContact;True;ALA89.A-LEU88.A-VdWContact
986;LEU88.A;LEU101.A;Hydrophobic;True;LEU101.A-LEU88.A-Hydrophobic
987;LEU88.A;LEU101.A;VdWContact;True;LEU101.A-LEU88.A-VdWContact
991;ALA89.A;ASP85.A;HBDonor;True;ALA89.A-ASP85.A-HBDonor
998;ALA89.A;GLY90.A;VdWContact;True;ALA89.A-GLY90.A-VdWContact
999;GLY90.A;ARG86.A;HBDonor;True;ARG86.A-GLY90.A-HBDonor
1004;GLY90.A;VAL91.A;VdWContact;True;GLY90.A-VAL91.A-VdWContact
1005;VAL91.A;GLN48.A;HBAcceptor;True;GLN48.A-VAL91.A-HBAcceptor
1008;VAL91.A;PHE87.A;HBDonor;True;PHE87.A-VAL91.A-HBDonor
1013;VAL91.A;PRO92.A;VdWContact;True;PRO92.A-VAL91.A-VdWContact
1014;VAL91.A;LYS146.A;Hydrophobic;True;LYS146.A-VAL91.A-Hydrophobic
1015;VAL91.A;LYS146.A;VdWContact;True;LYS146.A-VAL91.A-VdWContact
1022;PRO92.A;THR93.A;VdWContact;True;PRO92.A-THR93.A-VdWContact
1023;THR93.A;GLN48.A;HBDonor;True;GLN48.A-THR93.A-HBDonor
1029;THR93.A;PRO94.A;Hydrophobic;True;PRO94.A-THR93.A-Hydrophobic
1030;THR93.A;PRO94.A;VdWContact;True;PRO94.A-THR93.A-VdWContact
1031;THR93.A;HIS97.A;Hydrophobic;True;HIS97.A-THR93.A-Hydrophobic
1032;THR93.A;HIS97.A;VdWContact;True;HIS97.A-THR93.A-VdWContact
1033;THR93.A;LEU98.A;Hydrophobic;True;LEU98.A-THR93.A-Hydrophobic
1039;PRO94.A;LYS95.A;VdWContact;True;LYS95.A-PRO94.A-VdWContact
1040;PRO94.A;SER96.A;VdWContact;True;PRO94.A-SER96.A-VdWContact
1041;PRO94.A;HIS97.A;Hydrophobic;True;HIS97.A-PRO94.A-Hydrophobic
1042;PRO94.A;HIS97.A;VdWContact;True;HIS97.A-PRO94.A-VdWContact
1043;PRO94.A;LEU98.A;VdWContact;True;LEU98.A-PRO94.A-VdWContact
1051;LYS95.A;SER96.A;VdWContact;True;LYS95.A-SER96.A-VdWContact
1052;LYS95.A;HIS97.A;VdWContact;True;HIS97.A-LYS95.A-VdWContact
1053;LYS95.A;LEU98.A;Hydrophobic;True;LEU98.A-LYS95.A-Hydrophobic
1054;LYS95.A;LEU98.A;HBAcceptor;True;LEU98.A-LYS95.A-HBAcceptor
1055;LYS95.A;LEU98.A;VdWContact;True;LEU98.A-LYS95.A-VdWContact
1059;SER96.A;HIS97.A;VdWContact;True;HIS97.A-SER96.A-VdWContact
1068;HIS97.A;LEU98.A;VdWContact;True;HIS97.A-LEU98.A-VdWContact
1069;HIS97.A;GLN99.A;VdWContact;True;GLN99.A-HIS97.A-VdWContact
1070;HIS97.A;LEU100.A;Hydrophobic;True;HIS97.A-LEU100.A-Hydrophobic
1071;HIS97.A;LEU100.A;VdWContact;True;HIS97.A-LEU100.A-VdWContact
1072;HIS97.A;LEU101.A;HBAcceptor;True;HIS97.A-LEU101.A-HBAcceptor
1073;HIS97.A;LEU101.A;VdWContact;True;HIS97.A-LEU101.A-VdWContact
1074;HIS97.A;TRP139.A;Hydrophobic;True;HIS97.A-TRP139.A-Hydrophobic
1075;HIS97.A;TRP139.A;VdWContact;True;HIS97.A-TRP139.A-VdWContact
1083;LEU98.A;LYS95.A;HBDonor;True;LEU98.A-LYS95.A-HBDonor
1088;LEU98.A;GLN99.A;VdWContact;True;GLN99.A-LEU98.A-VdWContact
1089;LEU98.A;LEU100.A;VdWContact;True;LEU100.A-LEU98.A-VdWContact
1090;LEU98.A;LEU101.A;VdWContact;True;LEU101.A-LEU98.A-VdWContact
1091;LEU98.A;GLY102.A;HBAcceptor;True;GLY102.A-LEU98.A-HBAcceptor
1092;LEU98.A;GLY102.A;VdWContact;True;GLY102.A-LEU98.A-VdWContact
1097;GLN99.A;LEU100.A;VdWContact;True;GLN99.A-LEU100.A-VdWContact
1098;GLN99.A;LEU101.A;VdWContact;True;GLN99.A-LEU101.A-VdWContact
1099;GLN99.A;ALA103.A;HBAcceptor;True;ALA103.A-GLN99.A-HBAcceptor
1100;GLN99.A;ALA103.A;VdWContact;True;ALA103.A-GLN99.A-VdWContact
1101;GLN99.A;THR127.A;Hydrophobic;True;GLN99.A-THR127.A-Hydrophobic
1108;LEU100.A;LEU101.A;VdWContact;True;LEU100.A-LEU101.A-VdWContact
1109;LEU100.A;VAL104.A;HBAcceptor;True;LEU100.A-VAL104.A-HBAcceptor
1110;LEU100.A;VAL104.A;VdWContact;True;LEU100.A-VAL104.A-VdWContact
1111;LEU100.A;ILE131.A;Hydrophobic;True;ILE131.A-LEU100.A-Hydrophobic
1112;LEU100.A;GLU135.A;Hydrophobic;True;GLU135.A-LEU100.A-Hydrophobic
1113;LEU100.A;TRP139.A;Hydrophobic;True;LEU100.A-TRP139.A-Hydrophobic
1114;LEU100.A;TRP139.A;VdWContact;True;LEU100.A-TRP139.A-VdWContact
1120;LEU101.A;HIS97.A;HBDonor;True;HIS97.A-LEU101.A-HBDonor
1127;LEU101.A;GLY102.A;VdWContact;True;GLY102.A-LEU101.A-VdWContact
1128;LEU101.A;ALA103.A;VdWContact;True;ALA103.A-LEU101.A-VdWContact
1129;LEU101.A;VAL104.A;Hydrophobic;True;LEU101.A-VAL104.A-Hydrophobic
1130;LEU101.A;VAL104.A;VdWContact;True;LEU101.A-VAL104.A-VdWContact
1131;LEU101.A;CYS105.A;HBAcceptor;True;CYS105.A-LEU101.A-HBAcceptor
1132;LEU101.A;CYS105.A;VdWContact;True;CYS105.A-LEU101.A-VdWContact
1133;LEU101.A;VAL143.A;Hydrophobic;True;LEU101.A-VAL143.A-Hydrophobic
1135;GLY102.A;LEU98.A;HBDonor;True;GLY102.A-LEU98.A-HBDonor
1139;GLY102.A;ALA103.A;VdWContact;True;ALA103.A-GLY102.A-VdWContact
1140;GLY102.A;CYS105.A;VdWContact;True;CYS105.A-GLY102.A-VdWContact
1141;GLY102.A;MET106.A;HBAcceptor;True;GLY102.A-MET106.A-HBAcceptor
1142;GLY102.A;MET106.A;VdWContact;True;GLY102.A-MET106.A-VdWContact
1144;ALA103.A;GLN99.A;HBDonor;True;ALA103.A-GLN99.A-HBDonor
1150;ALA103.A;VAL104.A;VdWContact;True;ALA103.A-VAL104.A-VdWContact
1151;ALA103.A;CYS105.A;VdWContact;True;ALA103.A-CYS105.A-VdWContact
1152;ALA103.A;MET106.A;Hydrophobic;True;ALA103.A-MET106.A-Hydrophobic
1153;ALA103.A;MET106.A;VdWContact;True;ALA103.A-MET106.A-VdWContact
1154;ALA103.A;PHE107.A;HBAcceptor;True;ALA103.A-PHE107.A-HBAcceptor
1155;ALA103.A;PHE107.A;VdWContact;True;ALA103.A-PHE107.A-VdWContact
1156;ALA103.A;LEU123.A;VdWContact;True;ALA103.A-LEU123.A-VdWContact
1157;VAL104.A;LEU100.A;HBDonor;True;LEU100.A-VAL104.A-HBDonor
1164;VAL104.A;CYS105.A;VdWContact;True;CYS105.A-VAL104.A-VdWContact
1165;VAL104.A;MET106.A;VdWContact;True;MET106.A-VAL104.A-VdWContact
1166;VAL104.A;PHE107.A;VdWContact;True;PHE107.A-VAL104.A-VdWContact
1167;VAL104.A;LEU108.A;HBAcceptor;True;LEU108.A-VAL104.A-HBAcceptor
1168;VAL104.A;LEU108.A;VdWContact;True;LEU108.A-VAL104.A-VdWContact
1169;VAL104.A;LEU136.A;Hydrophobic;True;LEU136.A-VAL104.A-Hydrophobic
1170;VAL104.A;LEU136.A;VdWContact;True;LEU136.A-VAL104.A-VdWContact
1171;VAL104.A;TRP139.A;Hydrophobic;True;TRP139.A-VAL104.A-Hydrophobic
1172;VAL104.A;TRP139.A;VdWContact;True;TRP139.A-VAL104.A-VdWContact
1173;VAL104.A;GLU140.A;Hydrophobic;True;GLU140.A-VAL104.A-Hydrophobic
1174;VAL104.A;GLU140.A;VdWContact;True;GLU140.A-VAL104.A-VdWContact
1175;VAL104.A;VAL143.A;Hydrophobic;True;VAL104.A-VAL143.A-Hydrophobic
1176;VAL104.A;VAL143.A;VdWContact;True;VAL104.A-VAL143.A-VdWContact
1181;CYS105.A;LEU101.A;HBDonor;True;CYS105.A-LEU101.A-HBDonor
1188;CYS105.A;MET106.A;VdWContact;True;CYS105.A-MET106.A-VdWContact
1189;CYS105.A;PHE107.A;VdWContact;True;CYS105.A-PHE107.A-VdWContact
1190;CYS105.A;ALA109.A;HBAcceptor;True;ALA109.A-CYS105.A-HBAcceptor
1191;CYS105.A;ALA109.A;VdWContact;True;ALA109.A-CYS105.A-VdWContact
1199;MET106.A;GLY102.A;HBDonor;True;GLY102.A-MET106.A-HBDonor
1207;MET106.A;PHE107.A;VdWContact;True;MET106.A-PHE107.A-VdWContact
1208;MET106.A;SER110.A;HBAcceptor;True;MET106.A-SER110.A-HBAcceptor
1209;MET106.A;SER110.A;VdWContact;True;MET106.A-SER110.A-VdWContact
1210;MET106.A;LEU123.A;Hydrophobic;True;LEU123.A-MET106.A-Hydrophobic
1211;PHE107.A;ALA103.A;HBDonor;True;ALA103.A-PHE107.A-HBDonor
1218;PHE107.A;LEU108.A;VdWContact;True;LEU108.A-PHE107.A-VdWContact
1219;PHE107.A;LYS111.A;Hydrophobic;True;LYS111.A-PHE107.A-Hydrophobic
1220;PHE107.A;LYS111.A;HBAcceptor;True;LYS111.A-PHE107.A-HBAcceptor
1221;PHE107.A;LYS111.A;VdWContact;True;LYS111.A-PHE107.A-VdWContact
1222;PHE107.A;THR119.A;VdWContact;True;PHE107.A-THR119.A-VdWContact
1223;PHE107.A;ALA120.A;Hydrophobic;True;ALA120.A-PHE107.A-Hydrophobic
1224;PHE107.A;ALA120.A;VdWContact;True;ALA120.A-PHE107.A-VdWContact
1225;PHE107.A;LEU123.A;Hydrophobic;True;LEU123.A-PHE107.A-Hydrophobic
1226;PHE107.A;LEU123.A;VdWContact;True;LEU123.A-PHE107.A-VdWContact
1227;PHE107.A;LEU136.A;Hydrophobic;True;LEU136.A-PHE107.A-Hydrophobic
1228;PHE107.A;LEU136.A;VdWContact;True;LEU136.A-PHE107.A-VdWContact
1231;LEU108.A;VAL104.A;HBDonor;True;LEU108.A-VAL104.A-HBDonor
1236;LEU108.A;ALA109.A;VdWContact;True;ALA109.A-LEU108.A-VdWContact
1237;LEU108.A;SER110.A;VdWContact;True;LEU108.A-SER110.A-VdWContact
1238;LEU108.A;LYS111.A;VdWContact;True;LEU108.A-LYS111.A-VdWContact
1239;LEU108.A;LEU112.A;Hydrophobic;True;LEU108.A-LEU112.A-Hydrophobic
1240;LEU108.A;LEU112.A;HBAcceptor;True;LEU108.A-LEU112.A-HBAcceptor
1241;LEU108.A;LEU112.A;VdWContact;True;LEU108.A-LEU112.A-VdWContact
1242;LEU108.A;VAL143.A;Hydrophobic;True;LEU108.A-VAL143.A-Hydrophobic
1243;LEU108.A;LEU144.A;Hydrophobic;True;LEU108.A-LEU144.A-Hydrophobic
1244;LEU108.A;LEU147.A;Hydrophobic;True;LEU108.A-LEU147.A-Hydrophobic
1245;LEU108.A;LEU151.A;Hydrophobic;True;LEU108.A-LEU151.A-Hydrophobic
1246;LEU108.A;LEU151.A;VdWContact;True;LEU108.A-LEU151.A-VdWContact
1254;ALA109.A;CYS105.A;HBDonor;True;ALA109.A-CYS105.A-HBDonor
1259;ALA109.A;SER110.A;VdWContact;True;ALA109.A-SER110.A-VdWContact
1260;ALA109.A;LYS113.A;HBAcceptor;True;ALA109.A-LYS113.A-HBAcceptor
1261;ALA109.A;LYS113.A;VdWContact;True;ALA109.A-LYS113.A-VdWContact
1262;SER110.A;MET106.A;HBDonor;True;MET106.A-SER110.A-HBDonor
1267;SER110.A;LYS111.A;VdWContact;True;LYS111.A-SER110.A-VdWContact
1268;SER110.A;LEU112.A;VdWContact;True;LEU112.A-SER110.A-VdWContact
1269;SER110.A;GLU114.A;HBAcceptor;True;GLU114.A-SER110.A-HBAcceptor
1270;SER110.A;GLU114.A;HBDonor;True;GLU114.A-SER110.A-HBDonor
1271;SER110.A;GLU114.A;VdWContact;True;GLU114.A-SER110.A-VdWContact
1272;SER110.A;PRO117.A;VdWContact;True;PRO117.A-SER110.A-VdWContact
1273;SER110.A;LEU118.A;HBAcceptor;True;LEU118.A-SER110.A-HBAcceptor
1274;SER110.A;LEU118.A;VdWContact;True;LEU118.A-SER110.A-VdWContact
1276;LYS111.A;PHE107.A;HBDonor;True;LYS111.A-PHE107.A-HBDonor
1282;LYS111.A;LEU112.A;Hydrophobic;True;LEU112.A-LYS111.A-Hydrophobic
1283;LYS111.A;LEU112.A;VdWContact;True;LEU112.A-LYS111.A-VdWContact
1284;LYS111.A;PRO117.A;Hydrophobic;True;LYS111.A-PRO117.A-Hydrophobic
1285;LYS111.A;PRO117.A;VdWContact;True;LYS111.A-PRO117.A-VdWContact
1286;LYS111.A;GLU140.A;HBDonor;True;GLU140.A-LYS111.A-HBDonor
1287;LYS111.A;GLU140.A;Cationic;True;GLU140.A-LYS111.A-Cationic
1288;LYS111.A;GLU140.A;VdWContact;True;GLU140.A-LYS111.A-VdWContact
1291;LEU112.A;LEU108.A;HBDonor;True;LEU108.A-LEU112.A-HBDonor
1298;LEU112.A;LYS113.A;Hydrophobic;True;LEU112.A-LYS113.A-Hydrophobic
1299;LEU112.A;LYS113.A;VdWContact;True;LEU112.A-LYS113.A-VdWContact
1300;LEU112.A;LEU151.A;Hydrophobic;True;LEU112.A-LEU151.A-Hydrophobic
1301;LEU112.A;LEU151.A;VdWContact;True;LEU112.A-LEU151.A-VdWContact
1308;LYS113.A;ALA109.A;HBDonor;True;ALA109.A-LYS113.A-HBDonor
1314;LYS113.A;GLU114.A;Hydrophobic;True;GLU114.A-LYS113.A-Hydrophobic
1315;LYS113.A;GLU114.A;VdWContact;True;GLU114.A-LYS113.A-VdWContact
1316;LYS113.A;THR155.A;VdWContact;True;LYS113.A-THR155.A-VdWContact
1319;GLU114.A;GLU73.A;HBAcceptor;True;GLU114.A-GLU73.A-HBAcceptor
1328;GLU114.A;THR115.A;VdWContact;True;GLU114.A-THR115.A-VdWContact
1329;GLU114.A;PRO117.A;VdWContact;True;GLU114.A-PRO117.A-VdWContact
1333;THR115.A;SER116.A;VdWContact;True;SER116.A-THR115.A-VdWContact
1336;SER116.A;PRO117.A;VdWContact;True;PRO117.A-SER116.A-VdWContact
1344;PRO117.A;LEU118.A;VdWContact;True;LEU118.A-PRO117.A-VdWContact
1348;LEU118.A;SER110.A;HBDonor;True;LEU118.A-SER110.A-HBDonor
1353;LEU118.A;THR119.A;VdWContact;True;LEU118.A-THR119.A-VdWContact
1354;LEU118.A;LEU123.A;Hydrophobic;True;LEU118.A-LEU123.A-Hydrophobic
1359;THR119.A;ALA120.A;VdWContact;True;ALA120.A-THR119.A-VdWContact
1360;THR119.A;GLU121.A;VdWContact;True;GLU121.A-THR119.A-VdWContact
1361;THR119.A;LYS122.A;HBAcceptor;True;LYS122.A-THR119.A-HBAcceptor
1362;THR119.A;LYS122.A;VdWContact;True;LYS122.A-THR119.A-VdWContact
1363;THR119.A;LEU123.A;HBAcceptor;True;LEU123.A-THR119.A-HBAcceptor
1364;THR119.A;LEU123.A;VdWContact;True;LEU123.A-THR119.A-VdWContact
1370;ALA120.A;GLU121.A;VdWContact;True;ALA120.A-GLU121.A-VdWContact
1371;ALA120.A;CYS124.A;HBAcceptor;True;ALA120.A-CYS124.A-HBAcceptor
1372;ALA120.A;CYS124.A;VdWContact;True;ALA120.A-CYS124.A-VdWContact
1373;ALA120.A;PRO133.A;Hydrophobic;True;ALA120.A-PRO133.A-Hydrophobic
1374;ALA120.A;LEU136.A;Hydrophobic;True;ALA120.A-LEU136.A-Hydrophobic
1375;ALA120.A;LEU136.A;VdWContact;True;ALA120.A-LEU136.A-VdWContact
1376;ALA120.A;LEU137.A;Hydrophobic;True;ALA120.A-LEU137.A-Hydrophobic
1381;GLU121.A;LYS122.A;VdWContact;True;GLU121.A-LYS122.A-VdWContact
1382;GLU121.A;LEU123.A;VdWContact;True;GLU121.A-LEU123.A-VdWContact
1383;GLU121.A;CYS124.A;VdWContact;True;CYS124.A-GLU121.A-VdWContact
1384;GLU121.A;ILE125.A;HBAcceptor;True;GLU121.A-ILE125.A-HBAcceptor
1385;GLU121.A;ILE125.A;VdWContact;True;GLU121.A-ILE125.A-VdWContact
1386;LYS122.A;THR119.A;HBDonor;True;LYS122.A-THR119.A-HBDonor
1391;LYS122.A;LEU123.A;VdWContact;True;LEU123.A-LYS122.A-VdWContact
1392;LYS122.A;CYS124.A;VdWContact;True;CYS124.A-LYS122.A-VdWContact
1393;LYS122.A;ILE125.A;VdWContact;True;ILE125.A-LYS122.A-VdWContact
1394;LYS122.A;TYR126.A;HBAcceptor;True;LYS122.A-TYR126.A-HBAcceptor
1395;LYS122.A;TYR126.A;VdWContact;True;LYS122.A-TYR126.A-VdWContact
1401;LEU123.A;THR119.A;HBDonor;True;LEU123.A-THR119.A-HBDonor
1407;LEU123.A;CYS124.A;VdWContact;True;CYS124.A-LEU123.A-VdWContact
1408;LEU123.A;ILE125.A;VdWContact;True;ILE125.A-LEU123.A-VdWContact
1409;LEU123.A;TYR126.A;VdWContact;True;LEU123.A-TYR126.A-VdWContact
1410;LEU123.A;THR127.A;HBAcceptor;True;LEU123.A-THR127.A-HBAcceptor
1411;LEU123.A;THR127.A;VdWContact;True;LEU123.A-THR127.A-VdWContact
1412;LEU123.A;LEU136.A;Hydrophobic;True;LEU123.A-LEU136.A-Hydrophobic
1413;LEU123.A;LEU136.A;VdWContact;True;LEU123.A-LEU136.A-VdWContact
1414;CYS124.A;ALA120.A;HBDonor;True;ALA120.A-CYS124.A-HBDonor
1421;CYS124.A;ILE125.A;VdWContact;True;CYS124.A-ILE125.A-VdWContact
1422;CYS124.A;TYR126.A;VdWContact;True;CYS124.A-TYR126.A-VdWContact
1423;CYS124.A;THR127.A;HBAcceptor;True;CYS124.A-THR127.A-HBAcceptor
1424;CYS124.A;THR127.A;VdWContact;True;CYS124.A-THR127.A-VdWContact
1425;CYS124.A;ASN129.A;HBAcceptor;True;ASN129.A-CYS124.A-HBAcceptor
1426;CYS124.A;ASN129.A;VdWContact;True;ASN129.A-CYS124.A-VdWContact
1427;CYS124.A;ILE131.A;Hydrophobic;True;CYS124.A-ILE131.A-Hydrophobic
1428;CYS124.A;ILE131.A;VdWContact;True;CYS124.A-ILE131.A-VdWContact
1429;CYS124.A;PRO133.A;VdWContact;True;CYS124.A-PRO133.A-VdWContact
1430;ILE125.A;GLU121.A;HBDonor;True;GLU121.A-ILE125.A-HBDonor
1437;ILE125.A;TYR126.A;VdWContact;True;ILE125.A-TYR126.A-VdWContact
1438;ILE125.A;THR127.A;VdWContact;True;ILE125.A-THR127.A-VdWContact
1439;ILE125.A;ASP128.A;HBAcceptor;True;ASP128.A-ILE125.A-HBAcceptor
1440;ILE125.A;ASP128.A;VdWContact;True;ASP128.A-ILE125.A-VdWContact
1442;TYR126.A;TRP62.A;HBAcceptor;True;TRP62.A-TYR126.A-HBAcceptor
1449;TYR126.A;LYS122.A;HBDonor;True;LYS122.A-TYR126.A-HBDonor
1456;TYR126.A;THR127.A;VdWContact;True;THR127.A-TYR126.A-VdWContact
1457;TYR126.A;ASP128.A;VdWContact;True;ASP128.A-TYR126.A-VdWContact
1461;THR127.A;LEU123.A;HBDonor;True;LEU123.A-THR127.A-HBDonor
1463;THR127.A;CYS124.A;HBDonor;True;CYS124.A-THR127.A-HBDonor
1469;THR127.A;ASP128.A;VdWContact;True;ASP128.A-THR127.A-VdWContact
1470;THR127.A;ASN129.A;VdWContact;True;ASN129.A-THR127.A-VdWContact
1471;THR127.A;SER130.A;HBAcceptor;True;SER130.A-THR127.A-HBAcceptor
1472;THR127.A;SER130.A;VdWContact;True;SER130.A-THR127.A-VdWContact
1473;THR127.A;ILE131.A;Hydrophobic;True;ILE131.A-THR127.A-Hydrophobic
1474;THR127.A;ILE131.A;HBAcceptor;True;ILE131.A-THR127.A-HBAcceptor
1475;THR127.A;ILE131.A;VdWContact;True;ILE131.A-THR127.A-VdWContact
1476;ASP128.A;ILE125.A;HBDonor;True;ASP128.A-ILE125.A-HBDonor
1482;ASP128.A;ASN129.A;VdWContact;True;ASN129.A-ASP128.A-VdWContact
1483;ASP128.A;SER130.A;VdWContact;True;ASP128.A-SER130.A-VdWContact
1484;ASN129.A;CYS124.A;HBDonor;True;ASN129.A-CYS124.A-HBDonor
1490;ASN129.A;SER130.A;VdWContact;True;ASN129.A-SER130.A-VdWContact
1491;ASN129.A;ILE131.A;VdWContact;True;ASN129.A-ILE131.A-VdWContact
1492;SER130.A;THR127.A;HBDonor;True;SER130.A-THR127.A-HBDonor
1497;SER130.A;ILE131.A;VdWContact;True;ILE131.A-SER130.A-VdWContact
1502;ILE131.A;THR127.A;HBDonor;True;ILE131.A-THR127.A-HBDonor
1508;ILE131.A;LYS132.A;VdWContact;True;ILE131.A-LYS132.A-VdWContact
1512;LYS132.A;PRO133.A;VdWContact;True;LYS132.A-PRO133.A-VdWContact
1513;LYS132.A;GLN134.A;Hydrophobic;True;GLN134.A-LYS132.A-Hydrophobic
1514;LYS132.A;GLN134.A;VdWContact;True;GLN134.A-LYS132.A-VdWContact
1515;LYS132.A;GLU135.A;Hydrophobic;True;GLU135.A-LYS132.A-Hydrophobic
1516;LYS132.A;GLU135.A;HBDonor;True;GLU135.A-LYS132.A-HBDonor
1517;LYS132.A;GLU135.A;VdWContact;True;GLU135.A-LYS132.A-VdWContact
1518;LYS132.A;LEU136.A;HBAcceptor;True;LEU136.A-LYS132.A-HBAcceptor
1519;LYS132.A;LEU136.A;VdWContact;True;LEU136.A-LYS132.A-VdWContact
1525;PRO133.A;GLN134.A;VdWContact;True;GLN134.A-PRO133.A-VdWContact
1526;PRO133.A;GLU135.A;VdWContact;True;GLU135.A-PRO133.A-VdWContact
1527;PRO133.A;LEU136.A;VdWContact;True;LEU136.A-PRO133.A-VdWContact
1528;PRO133.A;LEU137.A;HBAcceptor;True;LEU137.A-PRO133.A-HBAcceptor
1529;PRO133.A;LEU137.A;VdWContact;True;LEU137.A-PRO133.A-VdWContact
1535;GLN134.A;GLU135.A;Hydrophobic;True;GLN134.A-GLU135.A-Hydrophobic
1536;GLN134.A;GLU135.A;VdWContact;True;GLN134.A-GLU135.A-VdWContact
1537;GLN134.A;LEU136.A;VdWContact;True;GLN134.A-LEU136.A-VdWContact
1538;GLN134.A;GLU138.A;HBAcceptor;True;GLN134.A-GLU138.A-HBAcceptor
1539;GLN134.A;GLU138.A;VdWContact;True;GLN134.A-GLU138.A-VdWContact
1542;GLU135.A;LYS132.A;HBAcceptor;True;GLU135.A-LYS132.A-HBAcceptor
1549;GLU135.A;LEU136.A;VdWContact;True;GLU135.A-LEU136.A-VdWContact
1550;GLU135.A;LEU137.A;VdWContact;True;GLU135.A-LEU137.A-VdWContact
1551;GLU135.A;GLU138.A;VdWContact;True;GLU135.A-GLU138.A-VdWContact
1552;GLU135.A;TRP139.A;Hydrophobic;True;GLU135.A-TRP139.A-Hydrophobic
1553;GLU135.A;TRP139.A;HBAcceptor;True;GLU135.A-TRP139.A-HBAcceptor
1554;GLU135.A;TRP139.A;VdWContact;True;GLU135.A-TRP139.A-VdWContact
1563;LEU136.A;LYS132.A;HBDonor;True;LEU136.A-LYS132.A-HBDonor
1570;LEU136.A;LEU137.A;Hydrophobic;True;LEU136.A-LEU137.A-Hydrophobic
1571;LEU136.A;LEU137.A;VdWContact;True;LEU136.A-LEU137.A-VdWContact
1572;LEU136.A;GLU138.A;VdWContact;True;GLU138.A-LEU136.A-VdWContact
1573;LEU136.A;GLU140.A;HBAcceptor;True;GLU140.A-LEU136.A-HBAcceptor
1574;LEU136.A;GLU140.A;VdWContact;True;GLU140.A-LEU136.A-VdWContact
1576;LEU137.A;PRO133.A;HBDonor;True;LEU137.A-PRO133.A-HBDonor
1583;LEU137.A;GLU138.A;VdWContact;True;GLU138.A-LEU137.A-VdWContact
1584;LEU137.A;LEU141.A;VdWContact;True;LEU137.A-LEU141.A-VdWContact
1585;GLU138.A;GLN134.A;HBDonor;True;GLN134.A-GLU138.A-HBDonor
1592;GLU138.A;TRP139.A;Hydrophobic;True;GLU138.A-TRP139.A-Hydrophobic
1593;GLU138.A;TRP139.A;VdWContact;True;GLU138.A-TRP139.A-VdWContact
1594;GLU138.A;GLU140.A;VdWContact;True;GLU138.A-GLU140.A-VdWContact
1595;GLU138.A;LEU141.A;VdWContact;True;GLU138.A-LEU141.A-VdWContact
1596;GLU138.A;VAL142.A;HBAcceptor;True;GLU138.A-VAL142.A-HBAcceptor
1597;GLU138.A;VAL142.A;VdWContact;True;GLU138.A-VAL142.A-VdWContact
1605;TRP139.A;GLU135.A;HBDonor;True;GLU135.A-TRP139.A-HBDonor
1611;TRP139.A;GLU140.A;VdWContact;True;GLU140.A-TRP139.A-VdWContact
1612;TRP139.A;LEU141.A;VdWContact;True;LEU141.A-TRP139.A-VdWContact
1613;TRP139.A;VAL142.A;VdWContact;True;TRP139.A-VAL142.A-VdWContact
1614;TRP139.A;VAL143.A;HBAcceptor;True;TRP139.A-VAL143.A-HBAcceptor
1615;TRP139.A;VAL143.A;VdWContact;True;TRP139.A-VAL143.A-VdWContact
1618;GLU140.A;LYS111.A;HBAcceptor;True;GLU140.A-LYS111.A-HBAcceptor
1619;GLU140.A;LYS111.A;Anionic;True;GLU140.A-LYS111.A-Anionic
1621;GLU140.A;LEU136.A;HBDonor;True;GLU140.A-LEU136.A-HBDonor
1627;GLU140.A;LEU141.A;VdWContact;True;GLU140.A-LEU141.A-VdWContact
1628;GLU140.A;LEU144.A;HBAcceptor;True;GLU140.A-LEU144.A-HBAcceptor
1629;GLU140.A;LEU144.A;VdWContact;True;GLU140.A-LEU144.A-VdWContact
1636;LEU141.A;VAL142.A;VdWContact;True;LEU141.A-VAL142.A-VdWContact
1637;LEU141.A;GLY145.A;HBAcceptor;True;GLY145.A-LEU141.A-HBAcceptor
1638;LEU141.A;GLY145.A;VdWContact;True;GLY145.A-LEU141.A-VdWContact
1641;VAL142.A;GLU138.A;HBDonor;True;GLU138.A-VAL142.A-HBDonor
1647;VAL142.A;VAL143.A;VdWContact;True;VAL142.A-VAL143.A-VdWContact
1648;VAL142.A;LYS146.A;Hydrophobic;True;LYS146.A-VAL142.A-Hydrophobic
1649;VAL142.A;LYS146.A;HBAcceptor;True;LYS146.A-VAL142.A-HBAcceptor
1650;VAL142.A;LYS146.A;VdWContact;True;LYS146.A-VAL142.A-VdWContact
1656;VAL143.A;TRP139.A;HBDonor;True;TRP139.A-VAL143.A-HBDonor
1661;VAL143.A;LEU144.A;VdWContact;True;LEU144.A-VAL143.A-VdWContact
1662;VAL143.A;GLY145.A;VdWContact;True;GLY145.A-VAL143.A-VdWContact
1663;VAL143.A;LEU147.A;Hydrophobic;True;LEU147.A-VAL143.A-Hydrophobic
1664;VAL143.A;LEU147.A;HBAcceptor;True;LEU147.A-VAL143.A-HBAcceptor
1665;VAL143.A;LEU147.A;VdWContact;True;LEU147.A-VAL143.A-VdWContact
1667;LEU144.A;GLU140.A;HBDonor;True;GLU140.A-LEU144.A-HBDonor
1672;LEU144.A;GLY145.A;VdWContact;True;GLY145.A-LEU144.A-VdWContact
1673;LEU144.A;LEU147.A;VdWContact;True;LEU144.A-LEU147.A-VdWContact
1674;LEU144.A;LYS148.A;VdWContact;True;LEU144.A-LYS148.A-VdWContact
1675;LEU144.A;TRP149.A;Hydrophobic;True;LEU144.A-TRP149.A-Hydrophobic
1676;LEU144.A;TRP149.A;HBAcceptor;True;LEU144.A-TRP149.A-HBAcceptor
1677;LEU144.A;TRP149.A;VdWContact;True;LEU144.A-TRP149.A-VdWContact
1678;LEU144.A;LEU151.A;Hydrophobic;True;LEU144.A-LEU151.A-Hydrophobic
1679;LEU144.A;LEU151.A;VdWContact;True;LEU144.A-LEU151.A-VdWContact
1680;GLY145.A;LEU141.A;HBDonor;True;GLY145.A-LEU141.A-HBDonor
1685;GLY145.A;LYS146.A;VdWContact;True;GLY145.A-LYS146.A-VdWContact
1686;GLY145.A;LEU147.A;VdWContact;True;GLY145.A-LEU147.A-VdWContact
1687;GLY145.A;LYS148.A;VdWContact;True;GLY145.A-LYS148.A-VdWContact
1693;LYS146.A;VAL142.A;HBDonor;True;LYS146.A-VAL142.A-HBDonor
1698;LYS146.A;LEU147.A;VdWContact;True;LEU147.A-LYS146.A-VdWContact
1699;LYS146.A;LYS148.A;VdWContact;True;LYS146.A-LYS148.A-VdWContact
1706;LEU147.A;VAL143.A;HBDonor;True;LEU147.A-VAL143.A-HBDonor
1713;LEU147.A;LYS148.A;VdWContact;True;LEU147.A-LYS148.A-VdWContact
1714;LEU147.A;TRP149.A;VdWContact;True;LEU147.A-TRP149.A-VdWContact
1715;LEU147.A;ASN150.A;HBAcceptor;True;ASN150.A-LEU147.A-HBAcceptor
1716;LEU147.A;ASN150.A;VdWContact;True;ASN150.A-LEU147.A-VdWContact
1717;LEU147.A;LEU151.A;Hydrophobic;True;LEU147.A-LEU151.A-Hydrophobic
1724;LYS148.A;TRP149.A;VdWContact;True;LYS148.A-TRP149.A-VdWContact
1725;LYS148.A;ASN150.A;VdWContact;True;ASN150.A-LYS148.A-VdWContact
1727;TRP149.A;LEU144.A;HBDonor;True;LEU144.A-TRP149.A-HBDonor
1733;TRP149.A;ASN150.A;VdWContact;True;ASN150.A-TRP149.A-VdWContact
1734;TRP149.A;LEU151.A;Hydrophobic;True;LEU151.A-TRP149.A-Hydrophobic
1735;TRP149.A;LEU151.A;HBAcceptor;True;LEU151.A-TRP149.A-HBAcceptor
1736;TRP149.A;LEU151.A;VdWContact;True;LEU151.A-TRP149.A-VdWContact
1738;ASN150.A;TYR37.A;HBAcceptor;True;ASN150.A-TYR37.A-HBAcceptor
1741;ASN150.A;LEU147.A;HBDonor;True;ASN150.A-LEU147.A-HBDonor
1747;ASN150.A;LEU151.A;VdWContact;True;ASN150.A-LEU151.A-VdWContact
1748;LEU151.A;TYR37.A;HBAcceptor;True;LEU151.A-TYR37.A-HBAcceptor
1751;LEU151.A;TYR83.A;HBAcceptor;True;LEU151.A-TYR83.A-HBAcceptor
1761;LEU151.A;TRP149.A;HBDonor;True;LEU151.A-TRP149.A-HBDonor
1766;LEU151.A;ALA152.A;VdWContact;True;ALA152.A-LEU151.A-VdWContact
1767;LEU151.A;ALA153.A;VdWContact;True;ALA153.A-LEU151.A-VdWContact
1772;ALA152.A;ALA153.A;VdWContact;True;ALA152.A-ALA153.A-VdWContact
1780;ALA153.A;VAL154.A;VdWContact;True;ALA153.A-VAL154.A-VdWContact
1789;VAL154.A;THR155.A;VdWContact;True;THR155.A-VAL154.A-VdWContact
1790;VAL154.A;ASP158.A;VdWContact;True;ASP158.A-VAL154.A-VdWContact
1791;VAL154.A;PHE159.A;Hydrophobic;True;PHE159.A-VAL154.A-Hydrophobic
1792;VAL154.A;PHE159.A;VdWContact;True;PHE159.A-VAL154.A-VdWContact
1793;VAL154.A;PRO199.A;Hydrophobic;True;PRO199.A-VAL154.A-Hydrophobic
1794;VAL154.A;PRO199.A;VdWContact;True;PRO199.A-VAL154.A-VdWContact
1801;THR155.A;PRO156.A;VdWContact;True;PRO156.A-THR155.A-VdWContact
1802;THR155.A;HIS157.A;VdWContact;True;HIS157.A-THR155.A-VdWContact
1803;THR155.A;ASP158.A;HBAcceptor;True;ASP158.A-THR155.A-HBAcceptor
1804;THR155.A;ASP158.A;HBDonor;True;ASP158.A-THR155.A-HBDonor
1805;THR155.A;ASP158.A;VdWContact;True;ASP158.A-THR155.A-VdWContact
1806;THR155.A;PHE159.A;VdWContact;True;PHE159.A-THR155.A-VdWContact
1812;PRO156.A;HIS157.A;VdWContact;True;HIS157.A-PRO156.A-VdWContact
1813;PRO156.A;ASP158.A;VdWContact;True;ASP158.A-PRO156.A-VdWContact
1814;PRO156.A;PHE159.A;VdWContact;True;PHE159.A-PRO156.A-VdWContact
1815;PRO156.A;ILE160.A;HBAcceptor;True;ILE160.A-PRO156.A-HBAcceptor
1816;PRO156.A;ILE160.A;VdWContact;True;ILE160.A-PRO156.A-VdWContact
1817;PRO156.A;ILE185.A;Hydrophobic;True;ILE185.A-PRO156.A-Hydrophobic
1818;PRO156.A;ILE185.A;VdWContact;True;ILE185.A-PRO156.A-VdWContact
1819;PRO156.A;ILE202.A;Hydrophobic;True;ILE202.A-PRO156.A-Hydrophobic
1820;PRO156.A;ILE202.A;VdWContact;True;ILE202.A-PRO156.A-VdWContact
1821;PRO156.A;ALA203.A;Hydrophobic;True;ALA203.A-PRO156.A-Hydrophobic
1822;PRO156.A;ALA203.A;VdWContact;True;ALA203.A-PRO156.A-VdWContact
1832;HIS157.A;ASP158.A;VdWContact;True;ASP158.A-HIS157.A-VdWContact
1833;HIS157.A;PHE159.A;VdWContact;True;HIS157.A-PHE159.A-VdWContact
1834;HIS157.A;ILE160.A;VdWContact;True;HIS157.A-ILE160.A-VdWContact
1835;HIS157.A;GLU161.A;HBAcceptor;True;GLU161.A-HIS157.A-HBAcceptor
1836;HIS157.A;GLU161.A;VdWContact;True;GLU161.A-HIS157.A-VdWContact
1837;HIS157.A;GLN182.A;Hydrophobic;True;GLN182.A-HIS157.A-Hydrophobic
1838;HIS157.A;ILE185.A;Hydrophobic;True;HIS157.A-ILE185.A-Hydrophobic
1839;HIS157.A;ILE185.A;VdWContact;True;HIS157.A-ILE185.A-VdWContact
1849;ASP158.A;PHE159.A;VdWContact;True;ASP158.A-PHE159.A-VdWContact
1850;ASP158.A;HIS162.A;HBAcceptor;True;ASP158.A-HIS162.A-HBAcceptor
1851;ASP158.A;HIS162.A;VdWContact;True;ASP158.A-HIS162.A-VdWContact
1865;PHE159.A;ILE160.A;VdWContact;True;ILE160.A-PHE159.A-VdWContact
1866;PHE159.A;GLU161.A;VdWContact;True;GLU161.A-PHE159.A-VdWContact
1867;PHE159.A;HIS162.A;VdWContact;True;HIS162.A-PHE159.A-VdWContact
1868;PHE159.A;ILE163.A;HBAcceptor;True;ILE163.A-PHE159.A-HBAcceptor
1869;PHE159.A;ILE163.A;VdWContact;True;ILE163.A-PHE159.A-VdWContact
1870;PHE159.A;PRO199.A;Hydrophobic;True;PHE159.A-PRO199.A-Hydrophobic
1871;PHE159.A;SER200.A;VdWContact;True;PHE159.A-SER200.A-VdWContact
1872;PHE159.A;ALA203.A;Hydrophobic;True;ALA203.A-PHE159.A-Hydrophobic
1873;PHE159.A;ALA203.A;VdWContact;True;ALA203.A-PHE159.A-VdWContact
1874;ILE160.A;PRO156.A;HBDonor;True;ILE160.A-PRO156.A-HBDonor
1880;ILE160.A;GLU161.A;VdWContact;True;GLU161.A-ILE160.A-VdWContact
1881;ILE160.A;HIS162.A;VdWContact;True;HIS162.A-ILE160.A-VdWContact
1882;ILE160.A;ILE163.A;VdWContact;True;ILE160.A-ILE163.A-VdWContact
1883;ILE160.A;LEU164.A;Hydrophobic;True;ILE160.A-LEU164.A-Hydrophobic
1884;ILE160.A;LEU164.A;HBAcceptor;True;ILE160.A-LEU164.A-HBAcceptor
1885;ILE160.A;LEU164.A;VdWContact;True;ILE160.A-LEU164.A-VdWContact
1886;ILE160.A;ALA181.A;Hydrophobic;True;ALA181.A-ILE160.A-Hydrophobic
1887;ILE160.A;ILE185.A;Hydrophobic;True;ILE160.A-ILE185.A-Hydrophobic
1888;ILE160.A;ILE185.A;VdWContact;True;ILE160.A-ILE185.A-VdWContact
1889;ILE160.A;ALA203.A;Hydrophobic;True;ALA203.A-ILE160.A-Hydrophobic
1890;ILE160.A;ALA203.A;VdWContact;True;ALA203.A-ILE160.A-VdWContact
1891;ILE160.A;VAL207.A;Hydrophobic;True;ILE160.A-VAL207.A-Hydrophobic
1892;GLU161.A;HIS157.A;HBDonor;True;GLU161.A-HIS157.A-HBDonor
1898;GLU161.A;HIS162.A;VdWContact;True;GLU161.A-HIS162.A-VdWContact
1899;GLU161.A;ARG165.A;HBAcceptor;True;ARG165.A-GLU161.A-HBAcceptor
1900;GLU161.A;ARG165.A;VdWContact;True;ARG165.A-GLU161.A-VdWContact
1901;GLU161.A;ARG178.A;Anionic;True;ARG178.A-GLU161.A-Anionic
1902;GLU161.A;ARG178.A;VdWContact;True;ARG178.A-GLU161.A-VdWContact
1907;HIS162.A;ASP158.A;HBDonor;True;ASP158.A-HIS162.A-HBDonor
1914;HIS162.A;ILE163.A;VdWContact;True;HIS162.A-ILE163.A-VdWContact
1915;HIS162.A;LEU164.A;VdWContact;True;HIS162.A-LEU164.A-VdWContact
1916;HIS162.A;ARG165.A;VdWContact;True;ARG165.A-HIS162.A-VdWContact
1917;HIS162.A;LYS166.A;Hydrophobic;True;HIS162.A-LYS166.A-Hydrophobic
1918;HIS162.A;LYS166.A;VdWContact;True;HIS162.A-LYS166.A-VdWContact
1919;HIS162.A;ILE235.A;Hydrophobic;True;HIS162.A-ILE235.A-Hydrophobic
1920;ILE163.A;PHE159.A;HBDonor;True;ILE163.A-PHE159.A-HBDonor
1926;ILE163.A;LEU164.A;Hydrophobic;True;ILE163.A-LEU164.A-Hydrophobic
1927;ILE163.A;LEU164.A;VdWContact;True;ILE163.A-LEU164.A-VdWContact
1928;ILE163.A;ARG165.A;VdWContact;True;ARG165.A-ILE163.A-VdWContact
1929;ILE163.A;LYS166.A;VdWContact;True;ILE163.A-LYS166.A-VdWContact
1930;ILE163.A;LEU167.A;Hydrophobic;True;ILE163.A-LEU167.A-Hydrophobic
1931;ILE163.A;LEU167.A;HBAcceptor;True;ILE163.A-LEU167.A-HBAcceptor
1932;ILE163.A;LEU167.A;VdWContact;True;ILE163.A-LEU167.A-VdWContact
1933;ILE163.A;VAL207.A;Hydrophobic;True;ILE163.A-VAL207.A-Hydrophobic
1934;ILE163.A;LEU232.A;Hydrophobic;True;ILE163.A-LEU232.A-Hydrophobic
1935;ILE163.A;LEU232.A;VdWContact;True;ILE163.A-LEU232.A-VdWContact
1936;ILE163.A;ILE235.A;Hydrophobic;True;ILE163.A-ILE235.A-Hydrophobic
1938;LEU164.A;ILE160.A;HBDonor;True;ILE160.A-LEU164.A-HBDonor
1945;LEU164.A;ARG165.A;VdWContact;True;ARG165.A-LEU164.A-VdWContact
1946;LEU164.A;LYS166.A;VdWContact;True;LEU164.A-LYS166.A-VdWContact
1947;LEU164.A;LEU167.A;HBAcceptor;True;LEU164.A-LEU167.A-HBAcceptor
1948;LEU164.A;LEU167.A;VdWContact;True;LEU164.A-LEU167.A-VdWContact
1949;LEU164.A;LEU174.A;Hydrophobic;True;LEU164.A-LEU174.A-Hydrophobic
1950;LEU164.A;LEU174.A;VdWContact;True;LEU164.A-LEU174.A-VdWContact
1951;LEU164.A;ARG178.A;Hydrophobic;True;ARG178.A-LEU164.A-Hydrophobic
1952;ARG165.A;GLU161.A;HBDonor;True;ARG165.A-GLU161.A-HBDonor
1959;ARG165.A;LYS166.A;VdWContact;True;ARG165.A-LYS166.A-VdWContact
1960;LYS166.A;ASP24.A;Cationic;True;ASP24.A-LYS166.A-Cationic
1968;LYS166.A;LEU167.A;Hydrophobic;True;LEU167.A-LYS166.A-Hydrophobic
1969;LYS166.A;LEU167.A;VdWContact;True;LEU167.A-LYS166.A-VdWContact
1970;LYS166.A;ILE235.A;Hydrophobic;True;ILE235.A-LYS166.A-Hydrophobic
1971;LYS166.A;ILE235.A;VdWContact;True;ILE235.A-LYS166.A-VdWContact
1973;LEU167.A;ILE163.A;HBDonor;True;ILE163.A-LEU167.A-HBDonor
1975;LEU167.A;LEU164.A;HBDonor;True;LEU164.A-LEU167.A-HBDonor
1981;LEU167.A;PRO168.A;VdWContact;True;LEU167.A-PRO168.A-VdWContact
1982;LEU167.A;GLN169.A;Hydrophobic;True;GLN169.A-LEU167.A-Hydrophobic
1983;LEU167.A;GLN169.A;VdWContact;True;GLN169.A-LEU167.A-VdWContact
1984;LEU167.A;THR224.A;Hydrophobic;True;LEU167.A-THR224.A-Hydrophobic
1985;LEU167.A;THR224.A;VdWContact;True;LEU167.A-THR224.A-VdWContact
1989;PRO168.A;GLN169.A;VdWContact;True;GLN169.A-PRO168.A-VdWContact
1995;GLN169.A;GLN170.A;VdWContact;True;GLN169.A-GLN170.A-VdWContact
1996;GLN169.A;ARG171.A;HBAcceptor;True;ARG171.A-GLN169.A-HBAcceptor
1997;GLN169.A;ARG171.A;VdWContact;True;ARG171.A-GLN169.A-VdWContact
1998;GLN169.A;LYS173.A;Hydrophobic;True;GLN169.A-LYS173.A-Hydrophobic
1999;GLN169.A;LYS173.A;VdWContact;True;GLN169.A-LYS173.A-VdWContact
2000;GLN169.A;ILE177.A;Hydrophobic;True;GLN169.A-ILE177.A-Hydrophobic
2001;GLN169.A;SER222.A;VdWContact;True;GLN169.A-SER222.A-VdWContact
2002;GLN169.A;LEU223.A;HBDonor;True;GLN169.A-LEU223.A-HBDonor
2003;GLN169.A;LEU223.A;VdWContact;True;GLN169.A-LEU223.A-VdWContact
2004;GLN169.A;THR224.A;Hydrophobic;True;GLN169.A-THR224.A-Hydrophobic
2005;GLN169.A;THR224.A;VdWContact;True;GLN169.A-THR224.A-VdWContact
2009;GLN170.A;ARG171.A;VdWContact;True;ARG171.A-GLN170.A-VdWContact
2010;GLN170.A;GLU172.A;VdWContact;True;GLN170.A-GLU172.A-VdWContact
2011;GLN170.A;LYS173.A;Hydrophobic;True;GLN170.A-LYS173.A-Hydrophobic
2012;GLN170.A;LYS173.A;VdWContact;True;GLN170.A-LYS173.A-VdWContact
2013;GLN170.A;LEU174.A;HBAcceptor;True;GLN170.A-LEU174.A-HBAcceptor
2014;GLN170.A;LEU174.A;VdWContact;True;GLN170.A-LEU174.A-VdWContact
2015;ARG171.A;GLN169.A;HBDonor;True;ARG171.A-GLN169.A-HBDonor
2020;ARG171.A;GLU172.A;VdWContact;True;ARG171.A-GLU172.A-VdWContact
2021;ARG171.A;LYS173.A;VdWContact;True;ARG171.A-LYS173.A-VdWContact
2022;ARG171.A;SER175.A;HBAcceptor;True;ARG171.A-SER175.A-HBAcceptor
2023;ARG171.A;SER175.A;VdWContact;True;ARG171.A-SER175.A-VdWContact
2030;GLU172.A;LYS173.A;Hydrophobic;True;GLU172.A-LYS173.A-Hydrophobic
2031;GLU172.A;LYS173.A;VdWContact;True;GLU172.A-LYS173.A-VdWContact
2032;GLU172.A;LEU176.A;HBAcceptor;True;GLU172.A-LEU176.A-HBAcceptor
2033;GLU172.A;LEU176.A;VdWContact;True;GLU172.A-LEU176.A-VdWContact
2043;LYS173.A;LEU174.A;VdWContact;True;LEU174.A-LYS173.A-VdWContact
2044;LYS173.A;SER175.A;VdWContact;True;LYS173.A-SER175.A-VdWContact
2045;LYS173.A;LEU176.A;VdWContact;True;LEU176.A-LYS173.A-VdWContact
2046;LYS173.A;ILE177.A;HBAcceptor;True;ILE177.A-LYS173.A-HBAcceptor
2047;LYS173.A;ILE177.A;VdWContact;True;ILE177.A-LYS173.A-VdWContact
2048;LYS173.A;GLU218.A;Cationic;True;GLU218.A-LYS173.A-Cationic
2051;LEU174.A;GLN170.A;HBDonor;True;GLN170.A-LEU174.A-HBDonor
2056;LEU174.A;SER175.A;VdWContact;True;LEU174.A-SER175.A-VdWContact
2057;LEU174.A;LEU176.A;VdWContact;True;LEU174.A-LEU176.A-VdWContact
2058;LEU174.A;ILE177.A;VdWContact;True;ILE177.A-LEU174.A-VdWContact
2059;LEU174.A;ARG178.A;Hydrophobic;True;ARG178.A-LEU174.A-Hydrophobic
2060;LEU174.A;ARG178.A;HBAcceptor;True;ARG178.A-LEU174.A-HBAcceptor
2061;LEU174.A;ARG178.A;VdWContact;True;ARG178.A-LEU174.A-VdWContact
2062;SER175.A;ARG171.A;HBDonor;True;ARG171.A-SER175.A-HBDonor
2067;SER175.A;LEU176.A;VdWContact;True;LEU176.A-SER175.A-VdWContact
2068;SER175.A;ARG178.A;VdWContact;True;ARG178.A-SER175.A-VdWContact
2069;SER175.A;LYS179.A;HBAcceptor;True;LYS179.A-SER175.A-HBAcceptor
2070;SER175.A;LYS179.A;VdWContact;True;LYS179.A-SER175.A-VdWContact
2071;LEU176.A;GLU172.A;HBDonor;True;GLU172.A-LEU176.A-HBDonor
2078;LEU176.A;ILE177.A;VdWContact;True;ILE177.A-LEU176.A-VdWContact
2079;LEU176.A;ARG178.A;VdWContact;True;ARG178.A-LEU176.A-VdWContact
2080;LEU176.A;LYS179.A;VdWContact;True;LEU176.A-LYS179.A-VdWContact
2081;LEU176.A;HIS180.A;Hydrophobic;True;HIS180.A-LEU176.A-Hydrophobic
2082;LEU176.A;HIS180.A;HBAcceptor;True;HIS180.A-LEU176.A-HBAcceptor
2083;LEU176.A;HIS180.A;VdWContact;True;HIS180.A-LEU176.A-VdWContact
2084;LEU176.A;LEU214.A;Hydrophobic;True;LEU176.A-LEU214.A-Hydrophobic
2085;LEU176.A;LEU214.A;VdWContact;True;LEU176.A-LEU214.A-VdWContact
2087;ILE177.A;LYS173.A;HBDonor;True;ILE177.A-LYS173.A-HBDonor
2093;ILE177.A;ARG178.A;VdWContact;True;ARG178.A-ILE177.A-VdWContact
2094;ILE177.A;LYS179.A;VdWContact;True;ILE177.A-LYS179.A-VdWContact
2095;ILE177.A;ALA181.A;HBAcceptor;True;ALA181.A-ILE177.A-HBAcceptor
2096;ILE177.A;ALA181.A;VdWContact;True;ALA181.A-ILE177.A-VdWContact
2097;ILE177.A;ALA210.A;Hydrophobic;True;ALA210.A-ILE177.A-Hydrophobic
2098;ILE177.A;ILE211.A;Hydrophobic;True;ILE177.A-ILE211.A-Hydrophobic
2099;ILE177.A;ILE211.A;VdWContact;True;ILE177.A-ILE211.A-VdWContact
2100;ILE177.A;LEU214.A;Hydrophobic;True;ILE177.A-LEU214.A-Hydrophobic
2101;ILE177.A;LEU214.A;VdWContact;True;ILE177.A-LEU214.A-VdWContact
2102;ARG178.A;GLU161.A;Cationic;True;ARG178.A-GLU161.A-Cationic
2106;ARG178.A;LEU174.A;HBDonor;True;ARG178.A-LEU174.A-HBDonor
2113;ARG178.A;LYS179.A;VdWContact;True;ARG178.A-LYS179.A-VdWContact
2114;ARG178.A;GLN182.A;Hydrophobic;True;ARG178.A-GLN182.A-Hydrophobic
2115;ARG178.A;GLN182.A;HBAcceptor;True;ARG178.A-GLN182.A-HBAcceptor
2116;ARG178.A;GLN182.A;VdWContact;True;ARG178.A-GLN182.A-VdWContact
2117;LYS179.A;SER175.A;HBDonor;True;LYS179.A-SER175.A-HBDonor
2124;LYS179.A;HIS180.A;VdWContact;True;HIS180.A-LYS179.A-VdWContact
2125;LYS179.A;THR183.A;HBAcceptor;True;LYS179.A-THR183.A-HBAcceptor
2126;LYS179.A;THR183.A;VdWContact;True;LYS179.A-THR183.A-VdWContact
2128;HIS180.A;LEU176.A;HBDonor;True;HIS180.A-LEU176.A-HBDonor
2133;HIS180.A;ALA181.A;VdWContact;True;ALA181.A-HIS180.A-VdWContact
2134;HIS180.A;GLN182.A;VdWContact;True;GLN182.A-HIS180.A-VdWContact
2135;HIS180.A;THR183.A;VdWContact;True;HIS180.A-THR183.A-VdWContact
2136;HIS180.A;PHE184.A;Hydrophobic;True;HIS180.A-PHE184.A-Hydrophobic
2137;HIS180.A;PHE184.A;HBAcceptor;True;HIS180.A-PHE184.A-HBAcceptor
2138;HIS180.A;PHE184.A;VdWContact;True;HIS180.A-PHE184.A-VdWContact
2139;HIS180.A;ALA210.A;Hydrophobic;True;ALA210.A-HIS180.A-Hydrophobic
2140;HIS180.A;LEU214.A;Hydrophobic;True;HIS180.A-LEU214.A-Hydrophobic
2142;ALA181.A;ILE177.A;HBDonor;True;ALA181.A-ILE177.A-HBDonor
2147;ALA181.A;GLN182.A;VdWContact;True;ALA181.A-GLN182.A-VdWContact
2148;ALA181.A;THR183.A;VdWContact;True;ALA181.A-THR183.A-VdWContact
2149;ALA181.A;PHE184.A;VdWContact;True;ALA181.A-PHE184.A-VdWContact
2150;ALA181.A;ILE185.A;HBAcceptor;True;ALA181.A-ILE185.A-HBAcceptor
2151;ALA181.A;ILE185.A;VdWContact;True;ALA181.A-ILE185.A-VdWContact
2152;ALA181.A;ALA210.A;Hydrophobic;True;ALA181.A-ALA210.A-Hydrophobic
2156;GLN182.A;ARG178.A;HBDonor;True;ARG178.A-GLN182.A-HBDonor
2162;GLN182.A;THR183.A;VdWContact;True;GLN182.A-THR183.A-VdWContact
2163;GLN182.A;ILE185.A;Hydrophobic;True;GLN182.A-ILE185.A-Hydrophobic
2164;GLN182.A;ILE185.A;VdWContact;True;GLN182.A-ILE185.A-VdWContact
2165;GLN182.A;ALA186.A;HBAcceptor;True;ALA186.A-GLN182.A-HBAcceptor
2166;GLN182.A;ALA186.A;VdWContact;True;ALA186.A-GLN182.A-VdWContact
2167;THR183.A;LYS179.A;HBDonor;True;LYS179.A-THR183.A-HBDonor
2174;THR183.A;PHE184.A;VdWContact;True;PHE184.A-THR183.A-VdWContact
2175;THR183.A;ILE185.A;VdWContact;True;ILE185.A-THR183.A-VdWContact
2176;THR183.A;LEU187.A;HBAcceptor;True;LEU187.A-THR183.A-HBAcceptor
2177;THR183.A;LEU187.A;VdWContact;True;LEU187.A-THR183.A-VdWContact
2179;PHE184.A;HIS180.A;HBDonor;True;HIS180.A-PHE184.A-HBDonor
2185;PHE184.A;ILE185.A;VdWContact;True;ILE185.A-PHE184.A-VdWContact
2186;PHE184.A;LEU187.A;VdWContact;True;LEU187.A-PHE184.A-VdWContact
2187;PHE184.A;CYS188.A;HBAcceptor;True;CYS188.A-PHE184.A-HBAcceptor
2188;PHE184.A;CYS188.A;VdWContact;True;CYS188.A-PHE184.A-VdWContact
2189;PHE184.A;SER206.A;VdWContact;True;PHE184.A-SER206.A-VdWContact
2190;PHE184.A;ALA209.A;Hydrophobic;True;ALA209.A-PHE184.A-Hydrophobic
2191;PHE184.A;ALA210.A;Hydrophobic;True;ALA210.A-PHE184.A-Hydrophobic
2192;PHE184.A;ILE250.A;Hydrophobic;True;ILE250.A-PHE184.A-Hydrophobic
2193;PHE184.A;ILE250.A;VdWContact;True;ILE250.A-PHE184.A-VdWContact
2194;PHE184.A;LEU254.A;Hydrophobic;True;LEU254.A-PHE184.A-Hydrophobic
2201;ILE185.A;ALA181.A;HBDonor;True;ALA181.A-ILE185.A-HBDonor
2209;ILE185.A;ALA186.A;VdWContact;True;ALA186.A-ILE185.A-VdWContact
2210;ILE185.A;LEU187.A;VdWContact;True;ILE185.A-LEU187.A-VdWContact
2211;ILE185.A;CYS188.A;VdWContact;True;CYS188.A-ILE185.A-VdWContact
2212;ILE185.A;ALA189.A;HBAcceptor;True;ALA189.A-ILE185.A-HBAcceptor
2213;ILE185.A;ALA189.A;VdWContact;True;ALA189.A-ILE185.A-VdWContact
2215;ALA186.A;GLN182.A;HBDonor;True;ALA186.A-GLN182.A-HBDonor
2220;ALA186.A;LEU187.A;VdWContact;True;ALA186.A-LEU187.A-VdWContact
2221;ALA186.A;ALA189.A;VdWContact;True;ALA186.A-ALA189.A-VdWContact
2222;ALA186.A;THR190.A;HBAcceptor;True;ALA186.A-THR190.A-HBAcceptor
2223;ALA186.A;THR190.A;VdWContact;True;ALA186.A-THR190.A-VdWContact
2224;LEU187.A;THR183.A;HBDonor;True;LEU187.A-THR183.A-HBDonor
2231;LEU187.A;CYS188.A;VdWContact;True;CYS188.A-LEU187.A-VdWContact
2232;LEU187.A;ALA189.A;VdWContact;True;ALA189.A-LEU187.A-VdWContact
2233;LEU187.A;THR190.A;VdWContact;True;LEU187.A-THR190.A-VdWContact
2234;LEU187.A;ASP191.A;HBAcceptor;True;ASP191.A-LEU187.A-HBAcceptor
2235;LEU187.A;VAL253.A;Hydrophobic;True;LEU187.A-VAL253.A-Hydrophobic
2236;LEU187.A;VAL253.A;VdWContact;True;LEU187.A-VAL253.A-VdWContact
2237;LEU187.A;LEU254.A;Hydrophobic;True;LEU187.A-LEU254.A-Hydrophobic
2238;CYS188.A;PHE184.A;HBDonor;True;CYS188.A-PHE184.A-HBDonor
2244;CYS188.A;ALA189.A;VdWContact;True;ALA189.A-CYS188.A-VdWContact
2245;CYS188.A;THR190.A;VdWContact;True;CYS188.A-THR190.A-VdWContact
2246;CYS188.A;ASP191.A;HBAcceptor;True;ASP191.A-CYS188.A-HBAcceptor
2247;CYS188.A;ASP191.A;VdWContact;True;ASP191.A-CYS188.A-VdWContact
2248;CYS188.A;PHE194.A;Hydrophobic;True;CYS188.A-PHE194.A-Hydrophobic
2249;CYS188.A;PHE194.A;VdWContact;True;CYS188.A-PHE194.A-VdWContact
2250;CYS188.A;ILE250.A;VdWContact;True;CYS188.A-ILE250.A-VdWContact
2256;ALA189.A;ILE185.A;HBDonor;True;ALA189.A-ILE185.A-HBDonor
2263;ALA189.A;THR190.A;VdWContact;True;ALA189.A-THR190.A-VdWContact
2264;ALA189.A;ASP191.A;VdWContact;True;ALA189.A-ASP191.A-VdWContact
2265;ALA189.A;PHE194.A;Hydrophobic;True;ALA189.A-PHE194.A-Hydrophobic
2266;ALA189.A;PHE194.A;VdWContact;True;ALA189.A-PHE194.A-VdWContact
2271;THR190.A;ALA186.A;HBDonor;True;ALA186.A-THR190.A-HBDonor
2278;THR190.A;ASP191.A;VdWContact;True;ASP191.A-THR190.A-VdWContact
2280;ASP191.A;LEU187.A;HBDonor;True;ASP191.A-LEU187.A-HBDonor
2281;ASP191.A;CYS188.A;HBDonor;True;ASP191.A-CYS188.A-HBDonor
2287;ASP191.A;PHE192.A;HBAcceptor;True;ASP191.A-PHE192.A-HBAcceptor
2288;ASP191.A;PHE192.A;VdWContact;True;ASP191.A-PHE192.A-VdWContact
2289;ASP191.A;LYS193.A;Hydrophobic;True;ASP191.A-LYS193.A-Hydrophobic
2290;ASP191.A;LYS193.A;VdWContact;True;ASP191.A-LYS193.A-VdWContact
2291;ASP191.A;PHE194.A;HBAcceptor;True;ASP191.A-PHE194.A-HBAcceptor
2292;ASP191.A;PHE194.A;VdWContact;True;ASP191.A-PHE194.A-VdWContact
2296;PHE192.A;ASP191.A;HBDonor;True;ASP191.A-PHE192.A-HBDonor
2300;PHE192.A;LYS193.A;VdWContact;True;LYS193.A-PHE192.A-VdWContact
2301;PHE192.A;PHE194.A;VdWContact;True;PHE192.A-PHE194.A-VdWContact
2302;PHE192.A;ALA195.A;Hydrophobic;True;ALA195.A-PHE192.A-Hydrophobic
2303;PHE192.A;ALA195.A;HBAcceptor;True;ALA195.A-PHE192.A-HBAcceptor
2304;PHE192.A;ALA195.A;VdWContact;True;ALA195.A-PHE192.A-VdWContact
2305;PHE192.A;MET196.A;Hydrophobic;True;MET196.A-PHE192.A-Hydrophobic
2306;PHE192.A;MET196.A;VdWContact;True;MET196.A-PHE192.A-VdWContact
2312;LYS193.A;PHE194.A;VdWContact;True;LYS193.A-PHE194.A-VdWContact
2313;LYS193.A;ALA195.A;VdWContact;True;ALA195.A-LYS193.A-VdWContact
2314;LYS193.A;MET196.A;Hydrophobic;True;LYS193.A-MET196.A-Hydrophobic
2315;LYS193.A;MET196.A;VdWContact;True;LYS193.A-MET196.A-VdWContact
2316;LYS193.A;TYR197.A;Hydrophobic;True;LYS193.A-TYR197.A-Hydrophobic
2317;LYS193.A;TYR197.A;HBAcceptor;True;LYS193.A-TYR197.A-HBAcceptor
2318;LYS193.A;TYR197.A;CationPi;True;LYS193.A-TYR197.A-CationPi
2319;LYS193.A;TYR197.A;VdWContact;True;LYS193.A-TYR197.A-VdWContact
2320;LYS193.A;CYS246.A;VdWContact;True;CYS246.A-LYS193.A-VdWContact
2321;LYS193.A;GLN249.A;Hydrophobic;True;GLN249.A-LYS193.A-Hydrophobic
2322;LYS193.A;GLN249.A;VdWContact;True;GLN249.A-LYS193.A-VdWContact
2330;PHE194.A;ASP191.A;HBDonor;True;ASP191.A-PHE194.A-HBDonor
2336;PHE194.A;ALA195.A;VdWContact;True;ALA195.A-PHE194.A-VdWContact
2337;PHE194.A;ILE202.A;Hydrophobic;True;ILE202.A-PHE194.A-Hydrophobic
2338;PHE194.A;ILE202.A;VdWContact;True;ILE202.A-PHE194.A-VdWContact
2341;ALA195.A;PHE192.A;HBDonor;True;ALA195.A-PHE192.A-HBDonor
2347;ALA195.A;MET196.A;VdWContact;True;ALA195.A-MET196.A-VdWContact
2356;MET196.A;TYR197.A;Hydrophobic;True;MET196.A-TYR197.A-Hydrophobic
2357;MET196.A;TYR197.A;VdWContact;True;MET196.A-TYR197.A-VdWContact
2359;TYR197.A;LYS193.A;HBDonor;True;LYS193.A-TYR197.A-HBDonor
2360;TYR197.A;LYS193.A;PiCation;True;LYS193.A-TYR197.A-PiCation
2366;TYR197.A;PRO198.A;VdWContact;True;PRO198.A-TYR197.A-VdWContact
2367;TYR197.A;MET201.A;Hydrophobic;True;MET201.A-TYR197.A-Hydrophobic
2368;TYR197.A;MET201.A;VdWContact;True;MET201.A-TYR197.A-VdWContact
2369;TYR197.A;ILE202.A;Hydrophobic;True;ILE202.A-TYR197.A-Hydrophobic
2370;TYR197.A;CYS242.A;VdWContact;True;CYS242.A-TYR197.A-VdWContact
2374;PRO198.A;PRO199.A;VdWContact;True;PRO198.A-PRO199.A-VdWContact
2375;PRO198.A;SER200.A;VdWContact;True;PRO198.A-SER200.A-VdWContact
2376;PRO198.A;MET201.A;VdWContact;True;MET201.A-PRO198.A-VdWContact
2377;PRO198.A;ILE202.A;HBAcceptor;True;ILE202.A-PRO198.A-HBAcceptor
2378;PRO198.A;ILE202.A;VdWContact;True;ILE202.A-PRO198.A-VdWContact
2386;PRO199.A;SER200.A;VdWContact;True;PRO199.A-SER200.A-VdWContact
2387;PRO199.A;ILE202.A;Hydrophobic;True;ILE202.A-PRO199.A-Hydrophobic
2388;PRO199.A;ILE202.A;VdWContact;True;ILE202.A-PRO199.A-VdWContact
2389;PRO199.A;ALA203.A;HBAcceptor;True;ALA203.A-PRO199.A-HBAcceptor
2390;PRO199.A;ALA203.A;VdWContact;True;ALA203.A-PRO199.A-VdWContact
2391;SER200.A;GLU34.A;HBDonor;True;GLU34.A-SER200.A-HBDonor
2397;SER200.A;MET201.A;VdWContact;True;MET201.A-SER200.A-VdWContact
2398;SER200.A;THR204.A;HBAcceptor;True;SER200.A-THR204.A-HBAcceptor
2399;SER200.A;THR204.A;VdWContact;True;SER200.A-THR204.A-VdWContact
2406;MET201.A;ILE202.A;VdWContact;True;ILE202.A-MET201.A-VdWContact
2407;MET201.A;ALA203.A;VdWContact;True;ALA203.A-MET201.A-VdWContact
2408;MET201.A;THR204.A;HBAcceptor;True;MET201.A-THR204.A-HBAcceptor
2409;MET201.A;THR204.A;VdWContact;True;MET201.A-THR204.A-VdWContact
2410;MET201.A;GLY205.A;HBAcceptor;True;GLY205.A-MET201.A-HBAcceptor
2411;MET201.A;GLY205.A;VdWContact;True;GLY205.A-MET201.A-VdWContact
2412;MET201.A;THR238.A;Hydrophobic;True;MET201.A-THR238.A-Hydrophobic
2413;MET201.A;THR238.A;VdWContact;True;MET201.A-THR238.A-VdWContact
2414;MET201.A;CYS242.A;Hydrophobic;True;CYS242.A-MET201.A-Hydrophobic
2415;MET201.A;CYS242.A;VdWContact;True;CYS242.A-MET201.A-VdWContact
2416;MET201.A;CYS246.A;Hydrophobic;True;CYS246.A-MET201.A-Hydrophobic
2417;MET201.A;CYS246.A;VdWContact;True;CYS246.A-MET201.A-VdWContact
2423;ILE202.A;PRO198.A;HBDonor;True;ILE202.A-PRO198.A-HBDonor
2430;ILE202.A;ALA203.A;VdWContact;True;ALA203.A-ILE202.A-VdWContact
2431;ILE202.A;THR204.A;VdWContact;True;ILE202.A-THR204.A-VdWContact
2432;ILE202.A;SER206.A;HBAcceptor;True;ILE202.A-SER206.A-HBAcceptor
2433;ILE202.A;SER206.A;VdWContact;True;ILE202.A-SER206.A-VdWContact
2440;ALA203.A;PRO199.A;HBDonor;True;ALA203.A-PRO199.A-HBDonor
2446;ALA203.A;THR204.A;VdWContact;True;ALA203.A-THR204.A-VdWContact
2447;ALA203.A;SER206.A;VdWContact;True;ALA203.A-SER206.A-VdWContact
2448;ALA203.A;VAL207.A;HBAcceptor;True;ALA203.A-VAL207.A-HBAcceptor
2449;ALA203.A;VAL207.A;VdWContact;True;ALA203.A-VAL207.A-VdWContact
2450;THR204.A;SER200.A;HBDonor;True;SER200.A-THR204.A-HBDonor
2452;THR204.A;MET201.A;HBDonor;True;MET201.A-THR204.A-HBDonor
2458;THR204.A;GLY205.A;HBDonor;True;GLY205.A-THR204.A-HBDonor
2459;THR204.A;GLY205.A;VdWContact;True;GLY205.A-THR204.A-VdWContact
2460;THR204.A;SER206.A;VdWContact;True;SER206.A-THR204.A-VdWContact
2461;THR204.A;GLY208.A;HBAcceptor;True;GLY208.A-THR204.A-HBAcceptor
2462;THR204.A;GLY208.A;VdWContact;True;GLY208.A-THR204.A-VdWContact
2463;THR204.A;LEU232.A;Hydrophobic;True;LEU232.A-THR204.A-Hydrophobic
2464;THR204.A;LEU232.A;VdWContact;True;LEU232.A-THR204.A-VdWContact
2465;THR204.A;THR236.A;Hydrophobic;True;THR204.A-THR236.A-Hydrophobic
2466;THR204.A;THR236.A;VdWContact;True;THR204.A-THR236.A-VdWContact
2467;THR204.A;LEU243.A;VdWContact;True;LEU243.A-THR204.A-VdWContact
2468;GLY205.A;MET201.A;HBDonor;True;GLY205.A-MET201.A-HBDonor
2470;GLY205.A;THR204.A;HBAcceptor;True;GLY205.A-THR204.A-HBAcceptor
2473;GLY205.A;SER206.A;VdWContact;True;GLY205.A-SER206.A-VdWContact
2474;GLY205.A;ALA209.A;HBAcceptor;True;ALA209.A-GLY205.A-HBAcceptor
2475;GLY205.A;ALA209.A;VdWContact;True;ALA209.A-GLY205.A-VdWContact
2476;GLY205.A;ILE250.A;VdWContact;True;GLY205.A-ILE250.A-VdWContact
2478;SER206.A;ILE202.A;HBDonor;True;ILE202.A-SER206.A-HBDonor
2484;SER206.A;VAL207.A;HBDonor;True;SER206.A-VAL207.A-HBDonor
2485;SER206.A;VAL207.A;VdWContact;True;SER206.A-VAL207.A-VdWContact
2486;SER206.A;ALA210.A;HBAcceptor;True;ALA210.A-SER206.A-HBAcceptor
2487;SER206.A;ALA210.A;VdWContact;True;ALA210.A-SER206.A-VdWContact
2488;SER206.A;ILE250.A;VdWContact;True;ILE250.A-SER206.A-VdWContact
2491;VAL207.A;ALA203.A;HBDonor;True;ALA203.A-VAL207.A-HBDonor
2493;VAL207.A;SER206.A;HBAcceptor;True;SER206.A-VAL207.A-HBAcceptor
2497;VAL207.A;GLY208.A;VdWContact;True;GLY208.A-VAL207.A-VdWContact
2498;VAL207.A;ILE211.A;Hydrophobic;True;ILE211.A-VAL207.A-Hydrophobic
2499;VAL207.A;ILE211.A;HBAcceptor;True;ILE211.A-VAL207.A-HBAcceptor
2500;VAL207.A;ILE211.A;VdWContact;True;ILE211.A-VAL207.A-VdWContact
2501;VAL207.A;LEU228.A;Hydrophobic;True;LEU228.A-VAL207.A-Hydrophobic
2502;VAL207.A;LEU232.A;Hydrophobic;True;LEU232.A-VAL207.A-Hydrophobic
2503;GLY208.A;THR204.A;HBDonor;True;GLY208.A-THR204.A-HBDonor
2507;GLY208.A;ALA209.A;VdWContact;True;ALA209.A-GLY208.A-VdWContact
2508;GLY208.A;ALA210.A;VdWContact;True;ALA210.A-GLY208.A-VdWContact
2509;GLY208.A;CYS212.A;HBAcceptor;True;CYS212.A-GLY208.A-HBAcceptor
2510;GLY208.A;CYS212.A;VdWContact;True;CYS212.A-GLY208.A-VdWContact
2511;GLY208.A;LEU228.A;VdWContact;True;GLY208.A-LEU228.A-VdWContact
2513;ALA209.A;GLY205.A;HBDonor;True;ALA209.A-GLY205.A-HBDonor
2518;ALA209.A;ALA210.A;VdWContact;True;ALA209.A-ALA210.A-VdWContact
2519;ALA209.A;GLY213.A;HBAcceptor;True;ALA209.A-GLY213.A-HBAcceptor
2520;ALA209.A;GLY213.A;VdWContact;True;ALA209.A-GLY213.A-VdWContact
2521;ALA209.A;GLN247.A;Hydrophobic;True;ALA209.A-GLN247.A-Hydrophobic
2522;ALA209.A;GLN247.A;VdWContact;True;ALA209.A-GLN247.A-VdWContact
2523;ALA209.A;ILE250.A;Hydrophobic;True;ALA209.A-ILE250.A-Hydrophobic
2524;ALA209.A;GLU251.A;Hydrophobic;True;ALA209.A-GLU251.A-Hydrophobic
2529;ALA210.A;SER206.A;HBDonor;True;ALA210.A-SER206.A-HBDonor
2535;ALA210.A;ILE211.A;VdWContact;True;ALA210.A-ILE211.A-VdWContact
2536;ALA210.A;LEU214.A;HBAcceptor;True;ALA210.A-LEU214.A-HBAcceptor
2537;ALA210.A;LEU214.A;VdWContact;True;ALA210.A-LEU214.A-VdWContact
2541;ILE211.A;VAL207.A;HBDonor;True;ILE211.A-VAL207.A-HBDonor
2546;ILE211.A;CYS212.A;VdWContact;True;CYS212.A-ILE211.A-VdWContact
2547;ILE211.A;GLN215.A;HBAcceptor;True;GLN215.A-ILE211.A-HBAcceptor
2548;ILE211.A;GLN215.A;VdWContact;True;GLN215.A-ILE211.A-VdWContact
2549;ILE211.A;THR224.A;Hydrophobic;True;ILE211.A-THR224.A-Hydrophobic
2550;ILE211.A;THR224.A;VdWContact;True;ILE211.A-THR224.A-VdWContact
2551;ILE211.A;CYS225.A;Hydrophobic;True;CYS225.A-ILE211.A-Hydrophobic
2552;ILE211.A;CYS225.A;VdWContact;True;CYS225.A-ILE211.A-VdWContact
2553;ILE211.A;LEU228.A;Hydrophobic;True;ILE211.A-LEU228.A-Hydrophobic
2554;CYS212.A;GLY208.A;HBDonor;True;CYS212.A-GLY208.A-HBDonor
2559;CYS212.A;GLY213.A;VdWContact;True;CYS212.A-GLY213.A-VdWContact
2560;CYS212.A;LEU214.A;VdWContact;True;CYS212.A-LEU214.A-VdWContact
2561;CYS212.A;GLN215.A;VdWContact;True;CYS212.A-GLN215.A-VdWContact
2562;CYS212.A;GLN216.A;HBAcceptor;True;CYS212.A-GLN216.A-HBAcceptor
2563;CYS212.A;GLN216.A;VdWContact;True;CYS212.A-GLN216.A-VdWContact
2564;GLY213.A;ALA209.A;HBDonor;True;ALA209.A-GLY213.A-HBDonor
2568;GLY213.A;LEU214.A;VdWContact;True;GLY213.A-LEU214.A-VdWContact
2569;GLY213.A;GLN216.A;VdWContact;True;GLN216.A-GLY213.A-VdWContact
2570;GLY213.A;ASP217.A;HBAcceptor;True;ASP217.A-GLY213.A-HBAcceptor
2571;GLY213.A;ASP217.A;VdWContact;True;ASP217.A-GLY213.A-VdWContact
2577;LEU214.A;ALA210.A;HBDonor;True;ALA210.A-LEU214.A-HBDonor
2583;LEU214.A;GLN215.A;VdWContact;True;GLN215.A-LEU214.A-VdWContact
2584;LEU214.A;GLN216.A;VdWContact;True;GLN216.A-LEU214.A-VdWContact
2585;LEU214.A;ASP217.A;VdWContact;True;ASP217.A-LEU214.A-VdWContact
2586;LEU214.A;GLU218.A;HBAcceptor;True;GLU218.A-LEU214.A-HBAcceptor
2587;LEU214.A;GLU218.A;VdWContact;True;GLU218.A-LEU214.A-VdWContact
2588;GLN215.A;ILE211.A;HBDonor;True;GLN215.A-ILE211.A-HBDonor
2594;GLN215.A;GLN216.A;VdWContact;True;GLN215.A-GLN216.A-VdWContact
2595;GLN215.A;ASP217.A;VdWContact;True;ASP217.A-GLN215.A-VdWContact
2596;GLN215.A;GLU218.A;VdWContact;True;GLN215.A-GLU218.A-VdWContact
2597;GLN215.A;GLU219.A;VdWContact;True;GLN215.A-GLU219.A-VdWContact
2598;GLN215.A;CYS225.A;Hydrophobic;True;CYS225.A-GLN215.A-Hydrophobic
2599;GLN215.A;CYS225.A;VdWContact;True;CYS225.A-GLN215.A-VdWContact
2600;GLN216.A;CYS212.A;HBDonor;True;CYS212.A-GLN216.A-HBDonor
2607;GLN216.A;ASP217.A;VdWContact;True;ASP217.A-GLN216.A-VdWContact
2608;ASP217.A;GLY213.A;HBDonor;True;ASP217.A-GLY213.A-HBDonor
2615;ASP217.A;GLU218.A;VdWContact;True;ASP217.A-GLU218.A-VdWContact
2616;GLU218.A;LYS173.A;Anionic;True;GLU218.A-LYS173.A-Anionic
2617;GLU218.A;LEU214.A;HBDonor;True;GLU218.A-LEU214.A-HBDonor
2623;GLU218.A;GLU219.A;VdWContact;True;GLU218.A-GLU219.A-VdWContact
2624;GLU218.A;SER221.A;HBAcceptor;True;GLU218.A-SER221.A-HBAcceptor
2625;GLU218.A;SER221.A;VdWContact;True;GLU218.A-SER221.A-VdWContact
2630;GLU219.A;VAL220.A;VdWContact;True;GLU219.A-VAL220.A-VdWContact
2631;GLU219.A;SER221.A;VdWContact;True;GLU219.A-SER221.A-VdWContact
2635;VAL220.A;SER221.A;VdWContact;True;SER221.A-VAL220.A-VdWContact
2636;VAL220.A;LEU223.A;VdWContact;True;LEU223.A-VAL220.A-VdWContact
2637;SER221.A;GLU218.A;HBDonor;True;GLU218.A-SER221.A-HBDonor
2642;SER221.A;SER222.A;VdWContact;True;SER221.A-SER222.A-VdWContact
2643;SER221.A;LEU223.A;VdWContact;True;LEU223.A-SER221.A-VdWContact
2647;SER222.A;LEU223.A;VdWContact;True;LEU223.A-SER222.A-VdWContact
2648;SER222.A;THR224.A;VdWContact;True;SER222.A-THR224.A-VdWContact
2649;SER222.A;CYS225.A;HBAcceptor;True;CYS225.A-SER222.A-HBAcceptor
2650;SER222.A;CYS225.A;VdWContact;True;CYS225.A-SER222.A-VdWContact
2651;LEU223.A;GLN169.A;HBAcceptor;True;GLN169.A-LEU223.A-HBAcceptor
2658;LEU223.A;THR224.A;VdWContact;True;LEU223.A-THR224.A-VdWContact
2659;LEU223.A;CYS225.A;VdWContact;True;CYS225.A-LEU223.A-VdWContact
2660;LEU223.A;ASP226.A;HBAcceptor;True;ASP226.A-LEU223.A-HBAcceptor
2661;LEU223.A;ASP226.A;VdWContact;True;ASP226.A-LEU223.A-VdWContact
2672;THR224.A;CYS225.A;VdWContact;True;CYS225.A-THR224.A-VdWContact
2673;THR224.A;ASP226.A;VdWContact;True;ASP226.A-THR224.A-VdWContact
2674;THR224.A;LEU228.A;VdWContact;True;LEU228.A-THR224.A-VdWContact
2679;CYS225.A;SER222.A;HBDonor;True;CYS225.A-SER222.A-HBDonor
2685;CYS225.A;ASP226.A;VdWContact;True;ASP226.A-CYS225.A-VdWContact
2686;CYS225.A;LEU228.A;HBAcceptor;True;CYS225.A-LEU228.A-HBAcceptor
2687;CYS225.A;LEU228.A;VdWContact;True;CYS225.A-LEU228.A-VdWContact
2688;ASP226.A;LEU223.A;HBDonor;True;ASP226.A-LEU223.A-HBDonor
2694;ASP226.A;ALA227.A;VdWContact;True;ALA227.A-ASP226.A-VdWContact
2695;ASP226.A;LEU228.A;HBAcceptor;True;ASP226.A-LEU228.A-HBAcceptor
2696;ASP226.A;LEU228.A;VdWContact;True;ASP226.A-LEU228.A-VdWContact
2700;ALA227.A;LEU228.A;VdWContact;True;ALA227.A-LEU228.A-VdWContact
2701;ALA227.A;GLU230.A;Hydrophobic;True;ALA227.A-GLU230.A-Hydrophobic
2702;ALA227.A;GLU230.A;VdWContact;True;ALA227.A-GLU230.A-VdWContact
2703;ALA227.A;LEU231.A;HBAcceptor;True;ALA227.A-LEU231.A-HBAcceptor
2704;ALA227.A;LEU231.A;VdWContact;True;ALA227.A-LEU231.A-VdWContact
2709;LEU228.A;CYS225.A;HBDonor;True;CYS225.A-LEU228.A-HBDonor
2711;LEU228.A;ASP226.A;HBDonor;True;ASP226.A-LEU228.A-HBDonor
2716;LEU228.A;THR229.A;VdWContact;True;LEU228.A-THR229.A-VdWContact
2717;LEU228.A;LEU232.A;Hydrophobic;True;LEU228.A-LEU232.A-Hydrophobic
2718;LEU228.A;LEU232.A;HBAcceptor;True;LEU228.A-LEU232.A-HBAcceptor
2719;LEU228.A;LEU232.A;VdWContact;True;LEU228.A-LEU232.A-VdWContact
2723;THR229.A;GLU230.A;VdWContact;True;GLU230.A-THR229.A-VdWContact
2724;THR229.A;LEU231.A;VdWContact;True;LEU231.A-THR229.A-VdWContact
2725;THR229.A;ALA233.A;HBAcceptor;True;ALA233.A-THR229.A-HBAcceptor
2726;THR229.A;ALA233.A;VdWContact;True;ALA233.A-THR229.A-VdWContact
2727;THR229.A;VAL240.A;VdWContact;True;THR229.A-VAL240.A-VdWContact
2728;THR229.A;LEU243.A;Hydrophobic;True;LEU243.A-THR229.A-Hydrophobic
2729;THR229.A;LEU243.A;VdWContact;True;LEU243.A-THR229.A-VdWContact
2735;GLU230.A;LEU231.A;VdWContact;True;GLU230.A-LEU231.A-VdWContact
2736;GLU230.A;ALA233.A;VdWContact;True;ALA233.A-GLU230.A-VdWContact
2737;GLU230.A;LYS234.A;HBAcceptor;True;GLU230.A-LYS234.A-HBAcceptor
2738;GLU230.A;LYS234.A;VdWContact;True;GLU230.A-LYS234.A-VdWContact
2739;GLU230.A;VAL240.A;Hydrophobic;True;GLU230.A-VAL240.A-Hydrophobic
2740;LEU231.A;ALA227.A;HBDonor;True;ALA227.A-LEU231.A-HBDonor
2746;LEU231.A;LEU232.A;VdWContact;True;LEU231.A-LEU232.A-VdWContact
2747;LEU231.A;ALA233.A;VdWContact;True;ALA233.A-LEU231.A-VdWContact
2748;LEU231.A;LYS234.A;VdWContact;True;LEU231.A-LYS234.A-VdWContact
2749;LEU231.A;ILE235.A;HBAcceptor;True;ILE235.A-LEU231.A-HBAcceptor
2750;LEU231.A;ILE235.A;VdWContact;True;ILE235.A-LEU231.A-VdWContact
2757;LEU232.A;LEU228.A;HBDonor;True;LEU228.A-LEU232.A-HBDonor
2762;LEU232.A;ALA233.A;VdWContact;True;ALA233.A-LEU232.A-VdWContact
2763;LEU232.A;LYS234.A;VdWContact;True;LEU232.A-LYS234.A-VdWContact
2764;LEU232.A;ILE235.A;Hydrophobic;True;ILE235.A-LEU232.A-Hydrophobic
2765;LEU232.A;ILE235.A;VdWContact;True;ILE235.A-LEU232.A-VdWContact
2766;LEU232.A;THR236.A;Hydrophobic;True;LEU232.A-THR236.A-Hydrophobic
2767;LEU232.A;THR236.A;HBAcceptor;True;LEU232.A-THR236.A-HBAcceptor
2768;LEU232.A;THR236.A;VdWContact;True;LEU232.A-THR236.A-VdWContact
2769;LEU232.A;LEU243.A;Hydrophobic;True;LEU232.A-LEU243.A-Hydrophobic
2770;ALA233.A;THR229.A;HBDonor;True;ALA233.A-THR229.A-HBDonor
2777;ALA233.A;LYS234.A;VdWContact;True;ALA233.A-LYS234.A-VdWContact
2778;ALA233.A;THR236.A;VdWContact;True;ALA233.A-THR236.A-VdWContact
2779;ALA233.A;ASN237.A;VdWContact;True;ALA233.A-ASN237.A-VdWContact
2780;ALA233.A;THR238.A;Hydrophobic;True;ALA233.A-THR238.A-Hydrophobic
2781;ALA233.A;THR238.A;HBAcceptor;True;ALA233.A-THR238.A-HBAcceptor
2782;ALA233.A;THR238.A;VdWContact;True;ALA233.A-THR238.A-VdWContact
2783;ALA233.A;VAL240.A;Hydrophobic;True;ALA233.A-VAL240.A-Hydrophobic
2784;ALA233.A;VAL240.A;VdWContact;True;ALA233.A-VAL240.A-VdWContact
2785;LYS234.A;GLU230.A;HBDonor;True;GLU230.A-LYS234.A-HBDonor
2792;LYS234.A;ILE235.A;VdWContact;True;ILE235.A-LYS234.A-VdWContact
2793;LYS234.A;ASN237.A;VdWContact;True;ASN237.A-LYS234.A-VdWContact
2799;ILE235.A;LEU231.A;HBDonor;True;ILE235.A-LEU231.A-HBDonor
2806;ILE235.A;THR236.A;Hydrophobic;True;ILE235.A-THR236.A-Hydrophobic
2807;ILE235.A;THR236.A;VdWContact;True;ILE235.A-THR236.A-VdWContact
2811;THR236.A;LEU232.A;HBDonor;True;LEU232.A-THR236.A-HBDonor
2818;THR236.A;ASN237.A;VdWContact;True;ASN237.A-THR236.A-VdWContact
2819;THR236.A;THR238.A;HBAcceptor;True;THR236.A-THR238.A-HBAcceptor
2820;THR236.A;THR238.A;VdWContact;True;THR236.A-THR238.A-VdWContact
2826;ASN237.A;THR238.A;VdWContact;True;ASN237.A-THR238.A-VdWContact
2830;THR238.A;ALA233.A;HBDonor;True;ALA233.A-THR238.A-HBDonor
2832;THR238.A;THR236.A;HBDonor;True;THR236.A-THR238.A-HBDonor
2837;THR238.A;ASP239.A;VdWContact;True;ASP239.A-THR238.A-VdWContact
2841;ASP239.A;VAL240.A;VdWContact;True;ASP239.A-VAL240.A-VdWContact
2842;ASP239.A;ASP241.A;HBAcceptor;True;ASP239.A-ASP241.A-HBAcceptor
2843;ASP239.A;ASP241.A;VdWContact;True;ASP239.A-ASP241.A-VdWContact
2844;ASP239.A;CYS242.A;Hydrophobic;True;ASP239.A-CYS242.A-Hydrophobic
2845;ASP239.A;CYS242.A;VdWContact;True;ASP239.A-CYS242.A-VdWContact
2846;ASP239.A;LEU243.A;HBAcceptor;True;ASP239.A-LEU243.A-HBAcceptor
2847;ASP239.A;LEU243.A;VdWContact;True;ASP239.A-LEU243.A-VdWContact
2855;VAL240.A;ASP241.A;VdWContact;True;ASP241.A-VAL240.A-VdWContact
2856;VAL240.A;CYS242.A;VdWContact;True;CYS242.A-VAL240.A-VdWContact
2857;VAL240.A;LEU243.A;VdWContact;True;LEU243.A-VAL240.A-VdWContact
2858;VAL240.A;LYS244.A;HBAcceptor;True;LYS244.A-VAL240.A-HBAcceptor
2859;VAL240.A;LYS244.A;VdWContact;True;LYS244.A-VAL240.A-VdWContact
2860;ASP241.A;ASP239.A;HBDonor;True;ASP239.A-ASP241.A-HBDonor
2865;ASP241.A;CYS242.A;VdWContact;True;ASP241.A-CYS242.A-VdWContact
2866;ASP241.A;LEU243.A;VdWContact;True;ASP241.A-LEU243.A-VdWContact
2867;ASP241.A;LYS244.A;Anionic;True;ASP241.A-LYS244.A-Anionic
2868;ASP241.A;LYS244.A;VdWContact;True;ASP241.A-LYS244.A-VdWContact
2869;ASP241.A;ALA245.A;HBAcceptor;True;ALA245.A-ASP241.A-HBAcceptor
2870;ASP241.A;ALA245.A;VdWContact;True;ALA245.A-ASP241.A-VdWContact
2880;CYS242.A;LEU243.A;VdWContact;True;CYS242.A-LEU243.A-VdWContact
2881;CYS242.A;LYS244.A;VdWContact;True;CYS242.A-LYS244.A-VdWContact
2882;CYS242.A;CYS246.A;HBAcceptor;True;CYS242.A-CYS246.A-HBAcceptor
2883;CYS242.A;CYS246.A;VdWContact;True;CYS242.A-CYS246.A-VdWContact
2888;LEU243.A;ASP239.A;HBDonor;True;ASP239.A-LEU243.A-HBDonor
2895;LEU243.A;LYS244.A;VdWContact;True;LEU243.A-LYS244.A-VdWContact
2896;LEU243.A;CYS246.A;Hydrophobic;True;CYS246.A-LEU243.A-Hydrophobic
2897;LEU243.A;CYS246.A;VdWContact;True;CYS246.A-LEU243.A-VdWContact
2898;LEU243.A;GLN247.A;HBAcceptor;True;GLN247.A-LEU243.A-HBAcceptor
2899;LEU243.A;GLN247.A;VdWContact;True;GLN247.A-LEU243.A-VdWContact
2900;LYS244.A;VAL240.A;HBDonor;True;LYS244.A-VAL240.A-HBDonor
2902;LYS244.A;ASP241.A;Cationic;True;ASP241.A-LYS244.A-Cationic
2908;LYS244.A;ALA245.A;VdWContact;True;ALA245.A-LYS244.A-VdWContact
2909;LYS244.A;CYS246.A;VdWContact;True;CYS246.A-LYS244.A-VdWContact
2910;LYS244.A;GLU248.A;HBAcceptor;True;GLU248.A-LYS244.A-HBAcceptor
2911;LYS244.A;GLU248.A;VdWContact;True;GLU248.A-LYS244.A-VdWContact
2912;ALA245.A;ASP241.A;HBDonor;True;ALA245.A-ASP241.A-HBDonor
2917;ALA245.A;CYS246.A;VdWContact;True;ALA245.A-CYS246.A-VdWContact
2918;ALA245.A;GLU248.A;VdWContact;True;ALA245.A-GLU248.A-VdWContact
2919;ALA245.A;GLN249.A;HBAcceptor;True;ALA245.A-GLN249.A-HBAcceptor
2920;ALA245.A;GLN249.A;VdWContact;True;ALA245.A-GLN249.A-VdWContact
2924;CYS246.A;CYS242.A;HBDonor;True;CYS242.A-CYS246.A-HBDonor
2932;CYS246.A;GLN247.A;VdWContact;True;CYS246.A-GLN247.A-VdWContact
2933;CYS246.A;GLU248.A;VdWContact;True;CYS246.A-GLU248.A-VdWContact
2934;CYS246.A;GLN249.A;VdWContact;True;CYS246.A-GLN249.A-VdWContact
2935;CYS246.A;ILE250.A;HBAcceptor;True;CYS246.A-ILE250.A-HBAcceptor
2936;CYS246.A;ILE250.A;VdWContact;True;CYS246.A-ILE250.A-VdWContact
2939;GLN247.A;LEU243.A;HBDonor;True;GLN247.A-LEU243.A-HBDonor
2944;GLN247.A;GLU248.A;VdWContact;True;GLN247.A-GLU248.A-VdWContact
2945;GLN247.A;GLN249.A;VdWContact;True;GLN247.A-GLN249.A-VdWContact
2946;GLN247.A;ILE250.A;VdWContact;True;GLN247.A-ILE250.A-VdWContact
2947;GLN247.A;GLU251.A;Hydrophobic;True;GLN247.A-GLU251.A-Hydrophobic
2948;GLN247.A;GLU251.A;HBAcceptor;True;GLN247.A-GLU251.A-HBAcceptor
2949;GLN247.A;GLU251.A;VdWContact;True;GLN247.A-GLU251.A-VdWContact
2950;GLU248.A;LYS244.A;HBDonor;True;GLU248.A-LYS244.A-HBDonor
2957;GLU248.A;GLN249.A;VdWContact;True;GLN249.A-GLU248.A-VdWContact
2958;GLU248.A;ILE250.A;VdWContact;True;GLU248.A-ILE250.A-VdWContact
2959;GLU248.A;ALA252.A;HBAcceptor;True;ALA252.A-GLU248.A-HBAcceptor
2960;GLU248.A;ALA252.A;VdWContact;True;ALA252.A-GLU248.A-VdWContact
2963;GLN249.A;ALA245.A;HBDonor;True;ALA245.A-GLN249.A-HBDonor
2970;GLN249.A;ILE250.A;VdWContact;True;GLN249.A-ILE250.A-VdWContact
2971;GLN249.A;VAL253.A;HBAcceptor;True;GLN249.A-VAL253.A-HBAcceptor
2972;GLN249.A;VAL253.A;VdWContact;True;GLN249.A-VAL253.A-VdWContact
2979;ILE250.A;CYS246.A;HBDonor;True;CYS246.A-ILE250.A-HBDonor
2986;ILE250.A;GLU251.A;VdWContact;True;GLU251.A-ILE250.A-VdWContact
2987;ILE250.A;ALA252.A;VdWContact;True;ALA252.A-ILE250.A-VdWContact
2988;ILE250.A;VAL253.A;VdWContact;True;ILE250.A-VAL253.A-VdWContact
2989;ILE250.A;LEU254.A;HBAcceptor;True;ILE250.A-LEU254.A-HBAcceptor
2990;ILE250.A;LEU254.A;VdWContact;True;ILE250.A-LEU254.A-VdWContact
2993;GLU251.A;GLN247.A;HBDonor;True;GLN247.A-GLU251.A-HBDonor
2998;GLU251.A;ALA252.A;VdWContact;True;ALA252.A-GLU251.A-VdWContact
2999;GLU251.A;VAL253.A;VdWContact;True;GLU251.A-VAL253.A-VdWContact
3000;ALA252.A;GLU248.A;HBDonor;True;ALA252.A-GLU248.A-HBDonor
3006;ALA252.A;VAL253.A;VdWContact;True;ALA252.A-VAL253.A-VdWContact
3007;ALA252.A;LEU254.A;VdWContact;True;ALA252.A-LEU254.A-VdWContact
3008;ALA252.A;ASN256.A;VdWContact;True;ALA252.A-ASN256.A-VdWContact
3011;VAL253.A;GLN249.A;HBDonor;True;GLN249.A-VAL253.A-HBDonor
3018;VAL253.A;LEU254.A;VdWContact;True;LEU254.A-VAL253.A-VdWContact
3019;VAL253.A;ASN256.A;VdWContact;True;ASN256.A-VAL253.A-VdWContact
3020;VAL253.A;SER257.A;HBAcceptor;True;SER257.A-VAL253.A-HBAcceptor
3021;VAL253.A;SER257.A;VdWContact;True;SER257.A-VAL253.A-VdWContact
3024;LEU254.A;ILE250.A;HBDonor;True;ILE250.A-LEU254.A-HBDonor
3030;LEU254.A;ASN256.A;VdWContact;True;ASN256.A-LEU254.A-VdWContact
3031;LEU254.A;SER257.A;VdWContact;True;LEU254.A-SER257.A-VdWContact
3032;LEU254.A;LEU258.A;HBAcceptor;True;LEU254.A-LEU258.A-HBAcceptor
3033;LEU254.A;LEU258.A;VdWContact;True;LEU254.A-LEU258.A-VdWContact
3039;ASN256.A;SER257.A;VdWContact;True;ASN256.A-SER257.A-VdWContact
3040;ASN256.A;GLN259.A;VdWContact;True;ASN256.A-GLN259.A-VdWContact
3041;ASN256.A;ARG262.A;Hydrophobic;True;ARG262.A-ASN256.A-Hydrophobic
3042;ASN256.A;ARG262.A;VdWContact;True;ARG262.A-ASN256.A-VdWContact
3043;ASN256.A;GLN263.A;HBAcceptor;True;ASN256.A-GLN263.A-HBAcceptor
3044;ASN256.A;GLN263.A;VdWContact;True;ASN256.A-GLN263.A-VdWContact
3045;SER257.A;VAL253.A;HBDonor;True;SER257.A-VAL253.A-HBDonor
3050;SER257.A;LEU258.A;VdWContact;True;LEU258.A-SER257.A-VdWContact
3051;SER257.A;GLN259.A;VdWContact;True;GLN259.A-SER257.A-VdWContact
3052;SER257.A;GLN263.A;VdWContact;True;GLN263.A-SER257.A-VdWContact
3053;LEU258.A;LEU254.A;HBDonor;True;LEU254.A-LEU258.A-HBDonor
3058;LEU258.A;GLN259.A;VdWContact;True;GLN259.A-LEU258.A-VdWContact
3064;GLN259.A;GLN260.A;VdWContact;True;GLN259.A-GLN260.A-VdWContact
3065;GLN259.A;TYR261.A;VdWContact;True;GLN259.A-TYR261.A-VdWContact
3069;GLN260.A;TYR261.A;VdWContact;True;GLN260.A-TYR261.A-VdWContact
3070;GLN260.A;ASP264.A;Hydrophobic;True;ASP264.A-GLN260.A-Hydrophobic
3071;GLN260.A;ASP264.A;HBAcceptor;True;ASP264.A-GLN260.A-HBAcceptor
3072;GLN260.A;ASP264.A;VdWContact;True;ASP264.A-GLN260.A-VdWContact
3073;GLN260.A;ALA278.A;Hydrophobic;True;ALA278.A-GLN260.A-Hydrophobic
3074;GLN260.A;ALA278.A;VdWContact;True;ALA278.A-GLN260.A-VdWContact
3079;TYR261.A;ARG262.A;Hydrophobic;True;ARG262.A-TYR261.A-Hydrophobic
3080;TYR261.A;ARG262.A;VdWContact;True;ARG262.A-TYR261.A-VdWContact
3081;TYR261.A;ASP264.A;VdWContact;True;ASP264.A-TYR261.A-VdWContact
3088;ARG262.A;GLN263.A;VdWContact;True;ARG262.A-GLN263.A-VdWContact
3089;GLN263.A;ASN256.A;HBDonor;True;ASN256.A-GLN263.A-HBDonor
3095;GLN263.A;ASP264.A;VdWContact;True;ASP264.A-GLN263.A-VdWContact
3096;GLN263.A;GLN265.A;VdWContact;True;GLN263.A-GLN265.A-VdWContact
3097;GLN263.A;ARG266.A;VdWContact;True;ARG266.A-GLN263.A-VdWContact
3099;ASP264.A;GLN260.A;HBDonor;True;ASP264.A-GLN260.A-HBDonor
3105;ASP264.A;GLN265.A;VdWContact;True;ASP264.A-GLN265.A-VdWContact
3106;ASP264.A;ARG266.A;VdWContact;True;ARG266.A-ASP264.A-VdWContact
3107;ASP264.A;GLN277.A;VdWContact;True;ASP264.A-GLN277.A-VdWContact
3108;ASP264.A;ALA278.A;Hydrophobic;True;ALA278.A-ASP264.A-Hydrophobic
3109;ASP264.A;ALA278.A;VdWContact;True;ALA278.A-ASP264.A-VdWContact
3115;GLN265.A;ARG266.A;VdWContact;True;ARG266.A-GLN265.A-VdWContact
3121;ARG266.A;ASP267.A;Cationic;True;ARG266.A-ASP267.A-Cationic
3122;ARG266.A;ASP267.A;VdWContact;True;ARG266.A-ASP267.A-VdWContact
3123;ARG266.A;GLY268.A;VdWContact;True;ARG266.A-GLY268.A-VdWContact
3124;ARG266.A;GLN277.A;Hydrophobic;True;ARG266.A-GLN277.A-Hydrophobic
3125;ARG266.A;GLN277.A;VdWContact;True;ARG266.A-GLN277.A-VdWContact
3126;ASP267.A;THR61.A;HBAcceptor;True;ASP267.A-THR61.A-HBAcceptor
3129;ASP267.A;ARG266.A;Anionic;True;ARG266.A-ASP267.A-Anionic
3133;ASP267.A;GLY268.A;VdWContact;True;ASP267.A-GLY268.A-VdWContact
3137;GLY268.A;SER269.A;VdWContact;True;GLY268.A-SER269.A-VdWContact
3140;SER269.A;LYS270.A;VdWContact;True;LYS270.A-SER269.A-VdWContact
3141;SER269.A;SER271.A;HBAcceptor;True;SER269.A-SER271.A-HBAcceptor
3142;SER269.A;SER271.A;VdWContact;True;SER269.A-SER271.A-VdWContact
3143;SER269.A;ASP273.A;HBDonor;True;ASP273.A-SER269.A-HBDonor
3144;SER269.A;ASP273.A;VdWContact;True;ASP273.A-SER269.A-VdWContact
3148;LYS270.A;SER271.A;VdWContact;True;LYS270.A-SER271.A-VdWContact
3149;SER271.A;SER269.A;HBDonor;True;SER269.A-SER271.A-HBDonor
3153;SER271.A;GLU272.A;VdWContact;True;GLU272.A-SER271.A-VdWContact
3154;SER271.A;ASP273.A;VdWContact;True;ASP273.A-SER271.A-VdWContact
3158;GLU272.A;ASP273.A;VdWContact;True;ASP273.A-GLU272.A-VdWContact
3159;GLU272.A;VAL284.A;Hydrophobic;True;GLU272.A-VAL284.A-Hydrophobic
3160;GLU272.A;VAL284.A;VdWContact;True;GLU272.A-VAL284.A-VdWContact
3161;GLU272.A;ASP286.A;VdWContact;True;ASP286.A-GLU272.A-VdWContact
3162;ASP273.A;SER269.A;HBAcceptor;True;ASP273.A-SER269.A-HBAcceptor
3168;ASP273.A;GLU274.A;VdWContact;True;ASP273.A-GLU274.A-VdWContact
3169;ASP273.A;LEU275.A;VdWContact;True;ASP273.A-LEU275.A-VdWContact
3173;GLU274.A;LEU275.A;VdWContact;True;GLU274.A-LEU275.A-VdWContact
3178;LEU275.A;ASP276.A;VdWContact;True;ASP276.A-LEU275.A-VdWContact
3179;LEU275.A;GLN277.A;Hydrophobic;True;GLN277.A-LEU275.A-Hydrophobic
3180;LEU275.A;GLN277.A;HBAcceptor;True;GLN277.A-LEU275.A-HBAcceptor
3181;LEU275.A;GLN277.A;VdWContact;True;GLN277.A-LEU275.A-VdWContact
3185;ASP276.A;GLN277.A;VdWContact;True;ASP276.A-GLN277.A-VdWContact
3186;ASP276.A;ALA278.A;VdWContact;True;ALA278.A-ASP276.A-VdWContact
3187;ASP276.A;PRO281.A;VdWContact;True;ASP276.A-PRO281.A-VdWContact
3192;GLN277.A;LEU275.A;HBDonor;True;GLN277.A-LEU275.A-HBDonor
3197;GLN277.A;ALA278.A;VdWContact;True;ALA278.A-GLN277.A-VdWContact
3206;ALA278.A;SER279.A;VdWContact;True;ALA278.A-SER279.A-VdWContact
3209;SER279.A;THR280.A;HBDonor;True;SER279.A-THR280.A-HBDonor
3210;SER279.A;THR280.A;VdWContact;True;SER279.A-THR280.A-VdWContact
3211;THR280.A;SER279.A;HBAcceptor;True;SER279.A-THR280.A-HBAcceptor
3215;THR280.A;PRO281.A;VdWContact;True;PRO281.A-THR280.A-VdWContact
3216;THR280.A;THR282.A;Hydrophobic;True;THR280.A-THR282.A-Hydrophobic
3217;THR280.A;THR282.A;VdWContact;True;THR280.A-THR282.A-VdWContact
3222;PRO281.A;THR282.A;VdWContact;True;PRO281.A-THR282.A-VdWContact
3228;THR282.A;ASP283.A;HBDonor;True;ASP283.A-THR282.A-HBDonor
3229;THR282.A;ASP283.A;VdWContact;True;ASP283.A-THR282.A-VdWContact
3230;ASP283.A;THR282.A;HBAcceptor;True;ASP283.A-THR282.A-HBAcceptor
3234;ASP283.A;VAL284.A;VdWContact;True;ASP283.A-VAL284.A-VdWContact
3240;VAL284.A;ARG285.A;VdWContact;True;ARG285.A-VAL284.A-VdWContact
3244;ARG285.A;ASP286.A;VdWContact;True;ARG285.A-ASP286.A-VdWContact
3249;ASP286.A;ILE287.A;VdWContact;True;ASP286.A-ILE287.A-VdWContact
3253;ILE287.A;ASP288.A;VdWContact;True;ASP288.A-ILE287.A-VdWContact
3257;ASP288.A;LEU289.A;VdWContact;True;ASP288.A-LEU289.A-VdWContact
